0,3,1
0,4,1
0,5,1
1,2,1
1,4,1
1,9,1
2,5,1
2,14,1
3,5,1
3,8,1
4,5,1
5,1,1
5,6,1
5,16,1
6,5,1
6,14,1
7,2,1
7,4,1
8,1,1
9,1,1
9,2,1
9,16,1
10,5,1
10,8,1
10,14,1
11,5,1
11,11,1
12,3,1
12,4,1
13,8,1
14,1,1
14,2,1
14,14,1
15,8,1
15,16,1
16,8,1
16,14,1
17,16,1
18,5,1
19,1,1
20,1,1
20,5,1
20,8,1
21,6,1
21,8,1
21,16,1
22,16,1
23,8,1
23,15,1
24,8,1
24,14,1
25,8,1
26,8,1
27,14,1
28,2,1
28,15,1
29,8,1
30,8,1
31,8,1
31,15,1
32,2,1
32,14,1
33,4,1
33,5,1
33,8,1
34,8,1
34,14,1
35,8,1
36,7,1
37,5,1
38,5,1
38,14,1
39,8,1
40,8,1
40,17,1
41,1,1
41,6,1
41,8,1
42,8,1
43,1,1
43,2,1
44,5,1
44,8,1
45,8,1
45,14,1
46,6,1
46,16,1
47,3,1
47,4,1
47,12,1
47,14,1
48,8,1
48,14,1
49,6,1
49,16,1
50,1,1
50,8,1
50,16,1
51,5,1
52,8,1
53,4,1
53,5,1
54,8,1
55,2,1
55,4,1
55,9,1
56,8,1
57,8,1
57,14,1
58,8,1
58,13,1
59,2,1
59,4,1
59,9,1
60,8,1
60,16,1
61,8,1
62,5,1
63,5,1
63,14,1
64,5,1
65,15,1
65,16,1
66,8,1
67,5,1
67,14,1
68,5,1
69,1,1
69,5,1
69,6,1
69,11,1
69,16,1
70,1,1
71,5,1
71,8,1
72,8,1
72,12,1
73,8,1
73,14,1
74,5,1
74,8,1
75,15,1
75,16,1
76,7,1
77,8,1
78,8,1
78,16,1
79,8,1
80,6,1
80,8,1
80,14,1
81,8,1
82,8,1
83,5,1
83,8,1
84,8,1
84,14,1
85,2,1
85,8,1
86,4,1
86,5,1
87,5,1
88,1,1
88,16,1
89,8,1
90,8,1
90,16,1
91,5,1
91,14,1
92,8,1
93,1,1
93,16,1
94,5,1
95,8,1
96,1,1
96,16,1
97,7,1
98,8,1
98,16,1
99,5,1
100,5,1
101,16,1
102,5,1
103,8,1
103,14,1
104,5,1
104,8,1
105,2,1
105,4,1
105,5,1
105,12,1
106,7,1
107,5,1
108,1,1
108,8,1
108,17,1
109,8,1
109,16,1
110,1,1
110,2,1
110,6,1
111,8,1
111,13,1
112,8,1
113,5,1
114,7,1
115,6,1
116,5,1
116,14,1
117,5,1
118,8,1
119,8,1
120,5,1
120,14,1
121,8,1
121,13,1
121,14,1
122,8,1
123,5,1
124,2,1
124,4,1
124,9,1
125,8,1
126,7,1
127,5,1
127,14,1
128,8,1
129,8,1
129,14,1
130,16,1
131,5,1
131,8,1
132,7,1
133,5,1
134,7,1
135,7,1
136,8,1
137,1,1
137,8,1
138,8,1
138,14,1
139,5,1
140,8,1
141,8,1
142,5,1
143,1,1
144,2,1
144,4,1
145,8,1
146,8,1
147,6,1
147,8,1
147,16,1
148,8,1
149,8,1
149,14,1
149,17,1
150,11,1
151,1,1
151,2,1
151,5,1
151,6,1
152,8,1
153,8,1
153,17,1
154,5,1
155,5,1
155,17,1
156,2,1
156,4,1
157,8,1
158,1,1
158,2,1
158,13,1
158,15,1
159,8,1
159,16,1
159,17,1
160,7,1
161,1,1
161,14,1
161,16,1
162,6,1
162,10,1
162,13,1
162,16,1
163,1,1
163,16,1
164,5,1
164,8,1
165,8,1
166,1,1
166,2,1
166,8,1
166,14,1
167,2,1
167,4,1
167,8,1
168,1,1
168,6,1
168,16,1
169,5,1
170,1,1
170,15,1
170,16,1
171,1,1
171,2,1
171,15,1
172,5,1
173,8,1
174,5,1
175,11,1
176,5,1
177,8,1
177,14,1
178,5,1
179,1,1
179,4,1
180,8,1
180,14,1
181,16,1
182,8,1
183,15,1
183,16,1
184,5,1
185,5,1
186,11,1
187,5,1
188,16,1
189,8,1
190,7,1
191,8,1
192,8,1
193,5,1
193,8,1
193,14,1
194,11,1
194,15,1
195,8,1
196,1,1
196,6,1
196,15,1
197,8,1
197,12,1
198,16,1
199,8,1
200,8,1
200,14,1
201,5,1
202,1,1
203,5,1
203,8,1
204,7,1
205,8,1
205,14,1
206,1,1
206,2,1
207,8,1
208,18,1
209,8,1
210,5,1
211,8,1
212,8,1
213,8,1
213,14,1
214,5,1
215,8,1
215,16,1
216,5,1
216,8,1
217,8,1
218,11,1
219,8,1
219,14,1
220,5,1
221,5,1
221,8,1
221,14,1
222,8,1
222,16,1
223,16,1
224,1,1
225,5,1
226,8,1
226,16,1
227,8,1
227,16,1
228,5,1
229,5,1
229,8,1
230,8,1
231,5,1
232,5,1
232,8,1
233,5,1
233,14,1
234,5,1
234,14,1
235,2,1
235,4,1
236,3,1
236,4,1
236,5,1
236,14,1
237,16,1
238,4,1
238,8,1
239,8,1
239,12,1
240,5,1
241,3,1
241,4,1
242,6,1
242,8,1
243,7,1
244,8,1
244,9,1
244,14,1
244,16,1
245,5,1
246,8,1
246,14,1
247,4,1
247,5,1
248,1,1
249,5,1
249,14,1
250,8,1
250,11,1
251,8,1
252,5,1
253,5,1
253,15,1
254,13,1
254,16,1
255,2,1
255,4,1
255,5,1
255,9,1
255,14,1
256,6,1
256,8,1
256,16,1
257,1,1
257,2,1
257,9,1
257,15,1
258,8,1
259,4,1
259,8,1
260,8,1
261,8,1
262,8,1
262,14,1
263,8,1
263,14,1
263,17,1
263,18,1
264,5,1
265,8,1
266,8,1
267,8,1
267,14,1
268,8,1
269,8,1
270,8,1
270,11,1
271,5,1
272,5,1
273,5,1
273,14,1
274,8,1
275,5,1
276,8,1
277,8,1
277,16,1
278,8,1
279,8,1
280,6,1
280,8,1
281,1,1
281,6,1
282,8,1
282,11,1
283,1,1
283,15,1
283,16,1
284,5,1
284,14,1
285,1,1
285,16,1
286,5,1
286,14,1
287,6,1
287,8,1
288,16,1
289,1,1
289,8,1
289,16,1
290,6,1
290,8,1
290,14,1
290,16,1
291,5,1
291,14,1
292,5,1
292,14,1
293,6,1
293,8,1
294,8,1
295,5,1
296,8,1
297,8,1
298,8,1
298,14,1
299,8,1
299,14,1
300,1,1
300,2,1
300,18,1
301,5,1
301,8,1
302,5,1
303,8,1
304,8,1
305,8,1
306,8,1
307,5,1
308,11,1
308,16,1
309,5,1
310,3,1
310,4,1
311,8,1
312,1,1
313,1,1
313,2,1
313,15,1
314,4,1
314,5,1
314,9,1
315,8,1
316,16,1
317,10,1
317,16,1
318,8,1
319,5,1
319,8,1
320,5,1
321,5,1
322,8,1
323,1,1
323,5,1
323,12,1
323,15,1
324,11,1
325,1,1
325,2,1
325,15,1
326,5,1
326,11,1
327,8,1
328,11,1
328,15,1
329,5,1
330,8,1
331,13,1
331,16,1
332,8,1
332,17,1
333,8,1
334,15,1
334,16,1
335,5,1
335,14,1
336,2,1
336,8,1
337,8,1
338,5,1
338,14,1
339,4,1
340,5,1
341,5,1
341,8,1
342,8,1
342,12,1
343,8,1
344,5,1
345,1,1
345,2,1
345,16,1
346,8,1
346,13,1
346,16,1
347,5,1
347,8,1
347,14,1
348,5,1
349,1,1
349,14,1
349,16,1
350,8,1
351,4,1
351,5,1
352,5,1
352,14,1
352,17,1
353,5,1
353,14,1
354,8,1
355,5,1
355,8,1
355,14,1
356,1,1
356,5,1
357,8,1
357,14,1
358,2,1
358,4,1
358,14,1
359,7,1
360,3,1
360,4,1
360,12,1
361,8,1
362,11,1
363,5,1
363,6,1
363,9,1
364,1,1
364,5,1
364,18,1
365,8,1
366,5,1
367,5,1
367,8,1
368,5,1
368,8,1
369,16,1
370,4,1
370,5,1
371,8,1
372,1,1
372,16,1
373,1,1
373,14,1
373,16,1
374,5,1
374,14,1
375,1,1
375,15,1
376,1,1
376,2,1
376,5,1
376,14,1
377,8,1
378,8,1
378,11,1
379,18,1
380,1,1
381,8,1
382,8,1
383,1,1
383,5,1
384,8,1
385,8,1
385,14,1
385,17,1
386,1,1
386,5,1
386,8,1
387,6,1
387,8,1
388,2,1
388,4,1
389,1,1
390,1,1
391,8,1
392,8,1
393,11,1
394,7,1
395,8,1
396,8,1
397,1,1
397,16,1
398,5,1
399,5,1
399,6,1
399,8,1
400,7,1
401,1,1
401,15,1
402,8,1
403,11,1
403,16,1
404,8,1
405,8,1
406,5,1
407,5,1
408,8,1
409,5,1
410,5,1
411,5,1
411,16,1
412,18,1
413,5,1
413,14,1
414,8,1
415,5,1
416,1,1
416,5,1
417,2,1
417,4,1
418,16,1
419,1,1
419,16,1
420,8,1
421,8,1
421,14,1
422,11,1
422,15,1
422,16,1
423,13,1
423,14,1
423,16,1
424,8,1
425,5,1
426,8,1
427,6,1
427,8,1
428,5,1
428,18,1
429,5,1
430,1,1
430,2,1
430,6,1
431,5,1
431,15,1
432,8,1
432,16,1
433,5,1
434,1,1
434,5,1
435,8,1
436,5,1
436,14,1
437,5,1
438,1,1
438,15,1
439,7,1
440,5,1
440,14,1
441,5,1
442,8,1
442,14,1
443,5,1
443,14,1
444,8,1
445,5,1
446,5,1
446,8,1
447,8,1
447,13,1
447,14,1
448,8,1
449,5,1
450,8,1
450,16,1
451,2,1
451,4,1
451,8,1
452,8,1
453,1,1
453,16,1
454,8,1
454,18,1
455,1,1
456,5,1
457,8,1
457,14,1
458,1,1
458,2,1
459,6,1
459,8,1
459,16,1
460,1,1
460,2,1
460,6,1
460,16,1
461,1,1
461,8,1
461,17,1
462,1,1
462,5,1
462,17,1
463,5,1
464,5,1
464,14,1
465,8,1
465,14,1
466,5,1
467,5,1
467,14,1
468,5,1
468,8,1
469,5,1
469,17,1
470,1,1
470,16,1
471,8,1
472,5,1
472,8,1
473,8,1
474,5,1
475,1,1
476,1,1
476,2,1
476,15,1
477,8,1
477,16,1
478,16,1
479,8,1
480,2,1
480,4,1
481,1,1
481,5,1
482,5,1
483,5,1
483,18,1
484,8,1
485,5,1
486,16,1
487,8,1
488,5,1
488,13,1
489,1,1
489,6,1
489,8,1
490,1,1
490,16,1
491,8,1
492,5,1
492,8,1
492,14,1
493,5,1
493,14,1
494,8,1
494,14,1
495,5,1
495,14,1
496,5,1
497,8,1
498,1,1
498,4,1
499,8,1
500,1,1
500,15,1
501,5,1
502,8,1
503,1,1
503,8,1
504,8,1
505,8,1
505,14,1
506,8,1
507,1,1
507,8,1
508,11,1
508,15,1
509,5,1
509,13,1
509,14,1
510,5,1
511,8,1
512,5,1
512,8,1
512,17,1
513,1,1
513,8,1
513,13,1
514,5,1
515,15,1
515,16,1
516,5,1
517,6,1
517,16,1
518,1,1
518,8,1
519,8,1
520,8,1
521,8,1
522,8,1
523,8,1
523,17,1
524,8,1
525,8,1
526,8,1
527,4,1
527,8,1
528,5,1
528,6,1
528,11,1
529,1,1
530,8,1
530,14,1
531,8,1
532,8,1
533,5,1
533,8,1
534,8,1
535,5,1
535,14,1
536,16,1
537,10,1
537,15,1
538,5,1
539,5,1
539,14,1
539,16,1
540,1,1
541,8,1
542,1,1
542,2,1
542,4,1
542,15,1
543,1,1
543,2,1
543,16,1
544,1,1
545,7,1
546,5,1
546,14,1
547,4,1
547,5,1
547,12,1
548,1,1
548,2,1
548,5,1
549,18,1
550,16,1
551,1,1
551,6,1
551,14,1
552,7,1
553,8,1
554,1,1
554,2,1
554,3,1
554,4,1
554,9,1
555,5,1
556,8,1
557,16,1
558,5,1
558,8,1
559,8,1
560,5,1
561,11,1
562,5,1
562,14,1
563,8,1
564,5,1
564,8,1
565,4,1
565,5,1
566,5,1
566,8,1
567,8,1
568,8,1
569,8,1
570,5,1
570,8,1
571,4,1
571,5,1
572,5,1
573,2,1
573,4,1
574,8,1
574,13,1
575,16,1
576,8,1
577,7,1
578,5,1
579,5,1
579,8,1
580,8,1
581,5,1
582,4,1
582,5,1
583,5,1
583,14,1
583,16,1
584,3,1
584,4,1
584,5,1
584,12,1
585,1,1
585,15,1
585,16,1
586,2,1
586,8,1
586,18,1
587,1,1
587,8,1
587,16,1
588,1,1
588,2,1
588,6,1
588,8,1
589,8,1
589,16,1
590,3,1
590,4,1
590,12,1
591,3,1
591,4,1
591,12,1
592,3,1
592,4,1
593,5,1
593,14,1
594,5,1
595,18,1
596,16,1
597,8,1
598,7,1
599,5,1
600,7,1
601,8,1
601,14,1
602,11,1
603,8,1
604,6,1
604,8,1
604,16,1
605,2,1
605,4,1
606,1,1
606,2,1
606,3,1
606,11,1
606,15,1
607,1,1
607,11,1
607,15,1
608,5,1
609,8,1
609,14,1
610,8,1
610,16,1
611,8,1
612,3,1
612,4,1
613,8,1
614,5,1
614,14,1
615,5,1
616,8,1
617,8,1
618,14,1
619,1,1
619,8,1
619,16,1
620,8,1
621,5,1
622,8,1
622,16,1
623,8,1
623,16,1
624,8,1
625,8,1
625,14,1
626,3,1
626,4,1
626,12,1
627,17,1
628,5,1
629,5,1
630,5,1
630,8,1
631,8,1
632,5,1
633,14,1
634,5,1
635,8,1
635,16,1
636,5,1
637,8,1
638,5,1
639,5,1
640,8,1
641,8,1
641,17,1
642,1,1
642,2,1
642,13,1
643,5,1
643,8,1
644,8,1
645,5,1
646,13,1
647,1,1
647,2,1
647,9,1
648,8,1
648,14,1
649,5,1
650,5,1
651,5,1
651,8,1
652,8,1
653,6,1
653,16,1
654,8,1
655,3,1
655,4,1
655,12,1
656,16,1
657,5,1
658,5,1
659,17,1
660,8,1
661,1,1
662,8,1
663,8,1
664,8,1
665,5,1
665,15,1
666,8,1
667,2,1
667,3,1
667,4,1
667,5,1
667,9,1
668,2,1
668,15,1
669,1,1
669,8,1
669,16,1
670,8,1
671,8,1
671,16,1
672,8,1
673,15,1
674,6,1
675,7,1
675,8,1
676,7,1
677,8,1
678,8,1
679,8,1
679,14,1
680,1,1
680,2,1
680,5,1
680,17,1
681,14,1
682,5,1
682,14,1
683,1,1
683,15,1
683,16,1
684,8,1
685,1,1
686,13,1
686,16,1
687,16,1
688,8,1
688,14,1
689,8,1
690,8,1
691,5,1
692,8,1
693,8,1
694,8,1
695,1,1
695,2,1
696,5,1
697,8,1
698,6,1
698,10,1
698,16,1
699,5,1
699,14,1
700,3,1
700,4,1
701,5,1
702,2,1
702,4,1
703,8,1
704,8,1
705,18,1
706,8,1
707,6,1
708,5,1
709,5,1
709,15,1
710,5,1
711,3,1
712,8,1
713,7,1
714,8,1
715,8,1
715,11,1
716,5,1
717,8,1
718,7,1
719,5,1
720,8,1
721,8,1
722,13,1
722,16,1
723,6,1
724,1,1
724,2,1
724,16,1
725,5,1
726,5,1
726,11,1
727,1,1
727,2,1
727,14,1
727,16,1
728,1,1
728,15,1
729,8,1
730,5,1
731,3,1
731,15,1
732,11,1
732,16,1
733,5,1
734,8,1
735,3,1
735,5,1
735,16,1
736,10,1
737,5,1
738,1,1
738,15,1
738,16,1
739,8,1
740,15,1
740,17,1
741,5,1
742,5,1
742,14,1
743,5,1
743,8,1
744,2,1
744,4,1
745,4,1
745,8,1
746,7,1
747,8,1
748,8,1
749,7,1
750,17,1
751,2,1
752,5,1
752,6,1
753,8,1
754,8,1
754,14,1
755,5,1
755,8,1
756,8,1
757,8,1
758,8,1
759,7,1
760,8,1
761,5,1
761,8,1
762,5,1
763,8,1
764,8,1
765,11,1
766,5,1
766,8,1
767,17,1
768,8,1
769,8,1
769,14,1
770,1,1
770,15,1
770,17,1
771,8,1
772,16,1
773,3,1
773,4,1
773,12,1
774,5,1
775,5,1
776,1,1
776,16,1
777,7,1
778,5,1
778,9,1
778,14,1
778,15,1
779,8,1
780,8,1
781,7,1
782,9,1
783,8,1
784,5,1
784,8,1
785,8,1
786,8,1
787,5,1
788,1,1
788,2,1
788,16,1
789,5,1
789,11,1
790,8,1
790,13,1
791,4,1
791,5,1
792,8,1
792,14,1
793,14,1
794,5,1
794,14,1
795,8,1
796,8,1
797,5,1
797,14,1
798,2,1
798,4,1
799,1,1
799,2,1
800,4,1
800,5,1
800,9,1
801,5,1
802,8,1
803,5,1
804,8,1
805,1,1
805,13,1
805,16,1
806,8,1
807,5,1
808,5,1
808,8,1
809,8,1
810,14,1
811,8,1
812,8,1
813,8,1
814,5,1
814,14,1
815,8,1
816,8,1
817,2,1
817,4,1
818,5,1
818,12,1
819,5,1
820,8,1
821,8,1
821,16,1
822,5,1
823,5,1
824,8,1
825,1,1
825,2,1
825,16,1
826,4,1
826,5,1
827,5,1
827,8,1
827,14,1
828,1,1
828,16,1
829,5,1
830,11,1
831,11,1
832,8,1
833,8,1
834,8,1
835,8,1
836,5,1
836,8,1
837,8,1
838,1,1
838,2,1
838,15,1
838,16,1
839,6,1
839,8,1
840,8,1
841,5,1
841,14,1
842,8,1
843,8,1
844,8,1
845,5,1
846,8,1
847,1,1
847,6,1
847,8,1
848,7,1
849,5,1
850,1,1
850,16,1
851,8,1
852,5,1
853,5,1
853,8,1
854,8,1
855,6,1
855,8,1
855,14,1
855,16,1
856,5,1
856,6,1
857,5,1
858,6,1
859,5,1
860,5,1
861,8,1
862,8,1
863,6,1
863,8,1
864,8,1
865,1,1
866,8,1
867,8,1
868,11,1
869,15,1
869,16,1
870,4,1
870,5,1
871,8,1
871,16,1
872,8,1
873,4,1
873,8,1
873,9,1
874,1,1
875,8,1
876,3,1
876,4,1
877,14,1
878,16,1
879,11,1
879,16,1
880,5,1
880,8,1
880,14,1
881,8,1
882,14,1
883,8,1
884,8,1
885,2,1
885,17,1
886,5,1
886,14,1
887,12,1
887,14,1
888,12,1
888,14,1
889,5,1
889,12,1
890,8,1
890,14,1
891,13,1
891,16,1
892,13,1
892,16,1
893,5,1
894,13,1
894,16,1
895,5,1
895,12,1
895,14,1
896,8,1
896,16,1
897,5,1
897,8,1
898,5,1
898,6,1
899,5,1
899,13,1
899,14,1
899,16,1
900,8,1
900,14,1
900,17,1
901,10,1
901,13,1
902,12,1
902,14,1
903,5,1
903,14,1
904,5,1
904,14,1
905,4,1
905,8,1
906,12,1
907,2,1
907,4,1
907,8,1
907,12,1
908,8,1
908,14,1
908,17,1
909,5,1
910,10,1
911,8,1
912,8,1
912,13,1
912,15,1
912,16,1
913,2,1
913,14,1
914,8,1
915,5,1
916,14,1
916,16,1
917,16,1
918,10,1
918,14,1
918,16,1
919,13,1
919,14,1
919,16,1
920,14,1
921,5,1
921,14,1
921,16,1
922,5,1
923,5,1
923,12,1
924,5,1
924,14,1
925,5,1
925,14,1
926,12,1
927,5,1
927,8,1
928,1,1
928,2,1
929,2,1
930,6,1
930,10,1
930,13,1
931,8,1
931,14,1
932,8,1
933,5,1
933,12,1
933,14,1
934,5,1
934,8,1
934,17,1
935,5,1
936,8,1
937,8,1
938,13,1
939,5,1
940,2,1
940,5,1
941,8,1
942,8,1
943,5,1
944,8,1
944,14,1
945,8,1
946,5,1
946,13,1
947,8,1
948,6,1
948,8,1
949,8,1
950,6,1
950,8,1
951,12,1
952,18,1
953,16,1
954,8,1
955,18,1
956,11,1
956,15,1
957,1,1
957,2,1
957,14,1
957,17,1
958,5,1
958,8,1
959,8,1
960,8,1
961,8,1
962,8,1
962,14,1
963,5,1
963,12,1
964,14,1
964,17,1
965,13,1
966,8,1
967,8,1
967,17,1
968,1,1
969,8,1
970,8,1
971,14,1
972,5,1
972,8,1
973,7,1
974,2,1
974,4,1
975,8,1
975,14,1
976,5,1
976,8,1
977,8,1
978,1,1
978,2,1
978,16,1
979,8,1
979,17,1
980,16,1
981,8,1
982,8,1
983,1,1
983,8,1
983,18,1
984,8,1
984,16,1
985,1,1
985,6,1
986,6,1
987,6,1
988,5,1
989,5,1
990,8,1
990,16,1
991,1,1
991,16,1
992,4,1
992,5,1
993,8,1
994,4,1
994,5,1
994,18,1
995,18,1
996,2,1
996,4,1
996,9,1
997,4,1
997,5,1
998,2,1
998,4,1
998,5,1
999,4,1
999,8,1
1000,4,1
1000,8,1
1001,4,1
1001,5,1
1001,8,1
1002,2,1
1002,4,1
1003,4,1
1003,5,1
1004,2,1
1004,4,1
1005,4,1
1005,5,1
1005,13,1
1006,2,1
1006,4,1
1006,9,1
1006,15,1
1007,5,1
1008,4,1
1008,5,1
1009,3,1
1009,4,1
1009,12,1
1010,3,1
1010,4,1
1011,3,1
1011,4,1
1011,12,1
1012,3,1
1012,4,1
1013,4,1
1013,8,1
1014,8,1
1015,4,1
1015,5,1
1015,12,1
1016,3,1
1016,4,1
1016,12,1
1017,2,1
1017,3,1
1017,4,1
1017,12,1
1018,2,1
1018,4,1
1018,12,1
1019,3,1
1019,4,1
1019,12,1
1020,3,1
1020,4,1
1021,6,1
1022,12,1
1023,1,1
1023,16,1
1024,1,1
1024,15,1
1024,16,1
1025,8,1
1026,7,1
1027,8,1
1028,8,1
1029,5,1
1030,8,1
1030,14,1
1031,8,1
1032,5,1
1032,8,1
1033,8,1
1033,14,1
1034,1,1
1034,16,1
1035,1,1
1035,2,1
1036,7,1
1036,8,1
1037,8,1
1038,8,1
1039,6,1
1039,8,1
1040,8,1
1041,16,1
1042,8,1
1043,5,1
1043,12,1
1043,14,1
1044,8,1
1045,8,1
1045,14,1
1046,5,1
1046,8,1
1047,6,1
1047,8,1
1048,8,1
1049,8,1
1050,3,1
1050,4,1
1050,5,1
1051,13,1
1052,5,1
1052,12,1
1052,14,1
1053,5,1
1053,12,1
1053,14,1
1054,6,1
1054,10,1
1055,10,1
1055,16,1
1056,2,1
1057,14,1
1057,17,1
1058,2,1
1058,4,1
1058,5,1
1058,9,1
1059,5,1
1060,16,1
1061,5,1
1061,15,1
1062,5,1
1062,17,1
1063,5,1
1064,5,1
1065,5,1
1065,12,1
1066,8,1
1067,5,1
1067,12,1
1068,6,1
1068,8,1
1069,2,1
1069,8,1
1070,13,1
1070,16,1
1071,12,1
1072,12,1
1072,14,1
1073,6,1
1073,16,1
1074,8,1
1074,17,1
1075,5,1
1076,13,1
1076,16,1
1077,8,1
1077,12,1
1078,8,1
1078,14,1
1078,17,1
1079,8,1
1080,8,1
1081,4,1
1081,8,1
1081,9,1
1081,15,1
1082,5,1
1083,8,1
1084,1,1
1084,14,1
1085,1,1
1085,14,1
1086,1,1
1087,8,1
1088,8,1
1089,11,1
1090,7,1
1091,5,1
1092,7,1
1093,8,1
1094,1,1
1095,7,1
1096,1,1
1096,8,1
1097,5,1
1098,8,1
1099,5,1
1099,8,1
1100,8,1
1101,8,1
1102,2,1
1102,18,1
1103,8,1
1104,8,1
1105,8,1
1106,7,1
1107,7,1
1108,8,1
1109,5,1
1110,5,1
1110,9,1
1111,1,1
1111,2,1
1111,15,1
1111,16,1
1112,11,1
1113,1,1
1113,2,1
1113,15,1
1113,16,1
1114,11,1
1115,8,1
1116,8,1
1117,5,1
1117,8,1
1118,1,1
1118,8,1
1119,5,1
1120,5,1
1121,14,1
1122,7,1
1123,8,1
1124,8,1
1125,8,1
1126,8,1
1127,5,1
1128,7,1
1129,7,1
1130,5,1
1130,8,1
1131,7,1
1132,3,1
1132,5,1
1133,7,1
1133,8,1
1134,8,1
1135,3,1
1135,5,1
1135,16,1
1136,6,1
1136,10,1
1136,16,1
1137,10,1
1138,10,1
1139,8,1
1140,8,1
1141,8,1
1142,5,1
1143,14,1
1144,5,1
1145,8,1
1146,5,1
1147,8,1
1148,8,1
1149,8,1
1149,16,1
1150,5,1
1151,5,1
1152,11,1
1153,7,1
1154,1,1
1155,5,1
1156,5,1
1156,8,1
1156,14,1
1157,8,1
1158,5,1
1159,5,1
1159,15,1
1160,8,1
1161,8,1
1162,8,1
1162,17,1
1163,6,1
1163,8,1
1163,10,1
1164,5,1
1165,1,1
1166,8,1
1166,14,1
1166,17,1
1167,5,1
1167,17,1
1168,8,1
1169,8,1
1170,8,1
1171,5,1
1171,14,1
1172,7,1
1173,8,1
1174,7,1
1175,7,1
1176,8,1
1177,5,1
1178,1,1
1178,2,1
1178,8,1
1178,15,1
1178,17,1
1179,1,1
1179,2,1
1179,5,1
1179,14,1
1180,1,1
1180,2,1
1181,15,1
1182,1,1
1182,15,1
1182,16,1
1182,17,1
1183,1,1
1183,18,1
1184,5,1
1185,8,1
1186,2,1
1186,17,1
1187,1,1
1187,3,1
1187,4,1
1187,15,1
1187,16,1
1187,17,1
1188,15,1
1189,8,1
1190,8,1
1190,17,1
1191,18,1
1192,1,1
1192,2,1
1192,14,1
1192,15,1
1192,17,1
1193,5,1
1193,8,1
1193,14,1
1194,13,1
1194,16,1
1195,6,1
1195,8,1
1196,1,1
1196,11,1
1196,15,1
1196,16,1
1197,1,1
1197,2,1
1197,5,1
1197,11,1
1197,15,1
1198,2,1
1198,14,1
1199,8,1
1199,17,1
1200,1,1
1200,16,1
1201,11,1
1201,16,1
1202,1,1
1202,5,1
1202,12,1
1203,1,1
1203,6,1
1203,8,1
1204,1,1
1204,8,1
1204,17,1
1205,3,1
1205,5,1
1206,8,1
1206,17,1
1207,8,1
1208,5,1
1208,14,1
1209,6,1
1209,8,1
1209,16,1
1210,8,1
1211,5,1
1211,14,1
1212,8,1
1213,13,1
1213,15,1
1214,1,1
1214,8,1
1214,17,1
1215,5,1
1215,6,1
1216,5,1
1217,5,1
1217,8,1
1218,8,1
1219,5,1
1220,1,1
1220,15,1
1220,16,1
1221,5,1
1221,11,1
1222,1,1
1222,8,1
1222,17,1
1223,5,1
1223,8,1
1224,5,1
1224,8,1
1224,14,1
1225,8,1
1226,8,1
1227,8,1
1227,14,1
1228,6,1
1228,10,1
1228,16,1
1229,16,1
1230,8,1
1230,17,1
1231,8,1
1232,10,1
1232,13,1
1232,16,1
1233,8,1
1233,15,1
1234,2,1
1235,5,1
1235,11,1
1236,5,1
1236,17,1
1237,5,1
1238,11,1
1239,2,1
1239,5,1
1239,8,1
1240,6,1
1240,10,1
1240,16,1
1241,1,1
1241,2,1
1241,5,1
1241,11,1
1242,2,1
1242,17,1
1243,8,1
1243,17,1
1244,1,1
1244,8,1
1244,13,1
1244,14,1
1244,16,1
1245,5,1
1245,14,1
1246,18,1
1247,10,1
1247,16,1
1248,8,1
1249,5,1
1249,13,1
1249,16,1
1250,5,1
1250,15,1
1251,8,1
1252,8,1
1252,17,1
1253,5,1
1253,8,1
1254,2,1
1254,3,1
1254,15,1
1254,16,1
1255,1,1
1255,2,1
1256,5,1
1256,8,1
1257,1,1
1257,8,1
1257,14,1
1258,5,1
1258,11,1
1259,5,1
1259,8,1
1260,8,1
1261,5,1
1262,3,1
1262,4,1
1262,12,1
1263,18,1
1264,10,1
1264,13,1
1265,5,1
1266,8,1
1266,14,1
1267,1,1
1267,2,1
1267,8,1
1268,5,1
1268,8,1
1268,12,1
1269,7,1
1269,17,1
1270,8,1
1270,14,1
1271,1,1
1271,2,1
1272,5,1
1273,8,1
1274,5,1
1274,17,1
1275,8,1
1276,8,1
1276,14,1
1277,5,1
1278,8,1
1278,12,1
1278,17,1
1279,8,1
1279,17,1
1280,8,1
1281,15,1
1282,8,1
1283,2,1
1284,1,1
1284,5,1
1284,18,1
1285,8,1
1286,8,1
1286,15,1
1287,5,1
1287,14,1
1288,5,1
1289,8,1
1289,14,1
1290,7,1
1291,5,1
1292,8,1
1293,6,1
1294,14,1
1295,7,1
1296,8,1
1297,5,1
1298,5,1
1298,8,1
1299,7,1
1300,1,1
1300,11,1
1300,15,1
1300,16,1
1301,11,1
1302,11,1
1303,11,1
1304,11,1
1305,11,1
1306,11,1
1307,11,1
1308,11,1
1309,11,1
1310,5,1
1310,11,1
1311,11,1
1312,11,1
1312,16,1
1313,11,1
1314,11,1
1314,15,1
1315,1,1
1315,11,1
1316,11,1
1317,11,1
1318,11,1
1318,14,1
1319,11,1
1320,11,1
1321,11,1
1322,16,1
1323,10,1
1323,16,1
1324,11,1
1325,11,1
1326,11,1
1327,11,1
1328,11,1
1329,11,1
1330,8,1
1331,6,1
1331,16,1
1332,5,1
1332,14,1
1333,8,1
1334,11,1
1334,16,1
1335,1,1
1335,2,1
1335,15,1
1336,8,1
1336,14,1
1337,8,1
1337,16,1
1338,2,1
1338,4,1
1338,5,1
1339,8,1
1340,7,1
1341,8,1
1342,8,1
1343,1,1
1344,8,1
1345,8,1
1346,4,1
1346,5,1
1347,8,1
1348,8,1
1348,16,1
1349,1,1
1349,16,1
1350,1,1
1350,2,1
1350,15,1
1351,1,1
1351,2,1
1351,15,1
1352,1,1
1352,2,1
1352,15,1
1353,1,1
1353,2,1
1353,15,1
1354,1,1
1354,2,1
1354,15,1
1355,1,1
1355,2,1
1355,15,1
1356,1,1
1356,2,1
1356,5,1
1356,6,1
1357,1,1
1357,5,1
1357,18,1
1358,1,1
1358,5,1
1358,18,1
1359,5,1
1359,12,1
1359,14,1
1360,5,1
1360,12,1
1360,14,1
1361,1,1
1361,8,1
1362,1,1
1362,15,1
1363,8,1
1364,1,1
1365,18,1
1366,1,1
1366,11,1
1367,1,1
1367,11,1
1368,1,1
1368,11,1
1369,5,1
1370,1,1
1370,5,1
1370,15,1
1370,17,1
1371,5,1
1371,8,1
1372,8,1
1372,14,1
1373,5,1
1374,5,1
1374,8,1
1375,6,1
1375,8,1
1375,15,1
1376,8,1
1377,14,1
1377,17,1
1378,8,1
1379,8,1
1380,8,1
1381,6,1
1381,8,1
1382,3,1
1382,5,1
1383,8,1
1384,11,1
1384,16,1
1385,1,1
1385,14,1
1385,17,1
1386,5,1
1386,14,1
1387,5,1
1387,8,1
1388,8,1
1389,8,1
1390,8,1
1391,5,1
1392,6,1
1392,8,1
1392,14,1
1393,8,1
1393,12,1
1394,8,1
1395,8,1
1396,7,1
1397,7,1
1398,13,1
1398,16,1
1399,8,1
1400,1,1
1401,5,1
1402,4,1
1403,16,1
1404,8,1
1405,1,1
1406,16,1
1407,1,1
1407,5,1
1408,1,1
1409,5,1
1409,11,1
1410,1,1
1411,5,1
1412,8,1
1413,1,1
1413,16,1
1414,5,1
1415,5,1
1416,5,1
1416,14,1
1417,8,1
1418,7,1
1419,5,1
1420,5,1
1420,17,1
1421,5,1
1422,6,1
1423,7,1
1424,5,1
1425,17,1
1426,5,1
1426,14,1
1427,5,1
1428,5,1
1428,14,1
1429,5,1
1430,5,1
1430,14,1
1431,14,1
1432,13,1
1432,16,1
1433,4,1
1433,5,1
1433,13,1
1434,5,1
1435,7,1
1436,5,1
1436,14,1
1437,13,1
1438,8,1
1439,6,1
1439,8,1
1440,5,1
1440,8,1
1441,5,1
1441,14,1
1442,7,1
1443,8,1
1444,6,1
1444,16,1
1445,1,1
1445,5,1
1445,6,1
1445,8,1
1446,4,1
1446,5,1
1447,14,1
1448,5,1
1448,8,1
1449,14,1
1450,1,1
1450,14,1
1450,16,1
1451,1,1
1451,8,1
1451,16,1
1452,5,1
1452,8,1
1453,8,1
1453,16,1
1454,13,1
1455,5,1
1456,8,1
1457,8,1
1457,12,1
1458,1,1
1458,8,1
1458,16,1
1458,17,1
1459,3,1
1459,4,1
1459,12,1
1460,5,1
1461,14,1
1462,5,1
1463,1,1
1463,2,1
1463,4,1
1464,8,1
1464,14,1
1465,1,1
1466,8,1
1466,14,1
1467,1,1
1467,2,1
1467,16,1
1468,5,1
1468,6,1
1469,6,1
1470,14,1
1471,5,1
1472,8,1
1473,8,1
1473,17,1
1474,8,1
1475,8,1
1476,8,1
1477,5,1
1478,5,1
1479,14,1
1480,8,1
1480,16,1
1481,5,1
1482,5,1
1483,1,1
1483,16,1
1484,8,1
1485,14,1
1486,8,1
1487,1,1
1487,6,1
1487,14,1
1488,8,1
1489,1,1
1489,2,1
1489,4,1
1489,9,1
1490,5,1
1491,1,1
1491,15,1
1492,5,1
1493,8,1
1494,8,1
1495,5,1
1496,8,1
1497,8,1
1498,8,1
1498,14,1
1499,5,1
1500,2,1
1500,4,1
1501,5,1
1501,6,1
1502,5,1
1502,14,1
1503,5,1
1503,8,1
1503,14,1
1504,8,1
1505,1,1
1505,2,1
1505,15,1
1505,16,1
1506,8,1
1507,5,1
1508,4,1
1508,8,1
1509,8,1
1510,8,1
1510,14,1
1511,5,1
1511,14,1
1512,2,1
1512,4,1
1512,8,1
1513,1,1
1513,2,1
1513,16,1
1514,5,1
1515,8,1
1515,14,1
1516,8,1
1517,1,1
1517,14,1
1517,16,1
1518,8,1
1519,5,1
1520,8,1
1521,5,1
1522,1,1
1522,2,1
1522,6,1
1523,8,1
1524,5,1
1524,14,1
1525,5,1
1525,16,1
1526,2,1
1526,3,1
1526,4,1
1526,5,1
1526,12,1
1527,8,1
1528,6,1
1528,8,1
1528,13,1
1529,5,1
1529,14,1
1530,15,1
1531,5,1
1531,14,1
1532,8,1
1533,1,1
1533,15,1
1533,16,1
1534,14,1
1535,8,1
1536,8,1
1537,6,1
1538,8,1
1539,1,1
1539,2,1
1539,5,1
1539,15,1
1540,5,1
1541,2,1
1541,4,1
1542,4,1
1542,9,1
1543,8,1
1543,15,1
1544,5,1
1545,1,1
1545,8,1
1545,17,1
1546,1,1
1546,2,1
1547,4,1
1547,5,1
1548,6,1
1548,8,1
1548,13,1
1549,1,1
1549,13,1
1549,15,1
1549,16,1
1550,1,1
1550,2,1
1550,15,1
1550,16,1
1551,4,1
1551,5,1
1552,5,1
1552,14,1
1553,8,1
1554,2,1
1554,4,1
1554,8,1
1555,8,1
1556,1,1
1556,13,1
1556,14,1
1556,16,1
1557,6,1
1557,8,1
1557,16,1
1558,1,1
1559,8,1
1559,14,1
1560,6,1
1560,8,1
1560,10,1
1561,5,1
1562,15,1
1562,16,1
1563,1,1
1563,5,1
1564,2,1
1564,14,1
1565,1,1
1565,2,1
1566,1,1
1566,16,1
1567,8,1
1568,1,1
1568,16,1
1569,8,1
1570,5,1
1571,8,1
1572,5,1
1573,2,1
1573,16,1
1574,1,1
1574,16,1
1574,17,1
1575,6,1
1575,10,1
1575,13,1
1575,16,1
1576,8,1
1576,17,1
1577,6,1
1577,8,1
1577,16,1
1578,8,1
1579,5,1
1579,8,1
1580,11,1
1581,8,1
1582,13,1
1582,16,1
1583,1,1
1583,8,1
1583,16,1
1584,1,1
1584,6,1
1584,13,1
1585,8,1
1586,5,1
1586,14,1
1587,5,1
1587,8,1
1588,16,1
1589,5,1
1589,14,1
1590,8,1
1591,8,1
1592,1,1
1592,16,1
1593,8,1
1593,14,1
1594,5,1
1595,5,1
1596,5,1
1596,8,1
1597,8,1
1597,14,1
1598,11,1
1598,13,1
1598,16,1
1599,6,1
1599,11,1
1599,13,1
1599,16,1
1600,5,1
1601,6,1
1601,16,1
1602,5,1
1602,8,1
1602,16,1
1603,7,1
1604,8,1
1605,8,1
1606,7,1
1607,8,1
1607,15,1
1607,16,1
1608,4,1
1608,8,1
1608,9,1
1609,11,1
1610,14,1
1611,7,1
1612,14,1
1612,16,1
1613,8,1
1614,8,1
1615,16,1
1616,6,1
1617,5,1
1618,8,1
1619,5,1
1620,14,1
1621,1,1
1621,8,1
1622,8,1
1623,14,1
1624,8,1
1624,17,1
1625,6,1
1626,8,1
1627,8,1
1628,8,1
1628,14,1
1628,16,1
1629,6,1
1629,16,1
1630,1,1
1630,2,1
1630,15,1
1630,17,1
1631,5,1
1632,8,1
1633,5,1
1634,8,1
1634,14,1
1635,1,1
1635,2,1
1636,8,1
1637,8,1
1637,14,1
1637,16,1
1638,14,1
1639,14,1
1640,6,1
1640,16,1
1641,1,1
1641,16,1
1642,3,1
1642,4,1
1642,12,1
1643,5,1
1643,13,1
1644,1,1
1644,11,1
1644,15,1
1645,11,1
1645,15,1
1646,8,1
1647,8,1
1648,8,1
1649,8,1
1649,17,1
1650,6,1
1651,5,1
1652,8,1
1653,5,1
1653,8,1
1654,4,1
1654,5,1
1654,9,1
1655,5,1
1656,8,1
1657,8,1
1658,8,1
1659,4,1
1659,5,1
1660,8,1
1661,16,1
1662,8,1
1663,5,1
1663,6,1
1663,8,1
1663,13,1
1664,4,1
1664,5,1
1665,14,1
1666,16,1
1667,8,1
1668,11,1
1668,16,1
1669,16,1
1670,8,1
1671,1,1
1671,2,1
1671,15,1
1672,8,1
1672,14,1
1673,1,1
1673,14,1
1673,16,1
1674,5,1
1674,8,1
1675,8,1
1676,8,1
1677,8,1
1678,8,1
1679,8,1
1680,6,1
1680,8,1
1681,8,1
1682,5,1
1683,5,1
1683,6,1
1683,13,1
1683,16,1
1684,8,1
1684,14,1
1685,5,1
1685,8,1
1686,8,1
1686,14,1
1687,5,1
1688,1,1
1688,4,1
1689,1,1
1689,8,1
1690,8,1
1691,6,1
1692,7,1
1693,1,1
1693,2,1
1693,16,1
1694,5,1
1695,5,1
1695,8,1
1696,10,1
1696,15,1
1696,16,1
1697,14,1
1698,2,1
1698,4,1
1698,9,1
1698,15,1
1699,1,1
1699,16,1
1700,5,1
1701,1,1
1701,13,1
1701,16,1
1702,14,1
1703,11,1
1704,8,1
1705,8,1
1706,8,1
1707,5,1
1707,12,1
1708,1,1
1708,11,1
1708,15,1
1709,5,1
1709,16,1
1710,6,1
1710,8,1
1711,8,1
1711,14,1
1712,8,1
1713,1,1
1713,16,1
1714,14,1
1714,16,1
1715,11,1
1716,1,1
1716,5,1
1716,12,1
1717,1,1
1717,8,1
1718,5,1
1718,8,1
1719,8,1
1720,5,1
1720,14,1
1721,2,1
1721,15,1
1721,16,1
1722,7,1
1723,8,1
1724,5,1
1724,14,1
1725,10,1
1725,13,1
1725,16,1
1726,5,1
1726,8,1
1727,1,1
1727,6,1
1728,7,1
1729,1,1
1729,8,1
1730,8,1
1731,6,1
1731,8,1
1732,1,1
1732,16,1
1733,5,1
1734,5,1
1734,8,1
1735,8,1
1736,1,1
1736,8,1
1737,7,1
1738,16,1
1739,6,1
1739,8,1
1740,1,1
1740,8,1
1740,14,1
1741,6,1
1741,8,1
1742,6,1
1742,8,1
1742,13,1
1742,16,1
1743,2,1
1743,4,1
1743,5,1
1744,8,1
1745,5,1
1745,6,1
1745,8,1
1746,8,1
1747,8,1
1748,4,1
1748,5,1
1748,8,1
1749,8,1
1750,8,1
1751,5,1
1751,8,1
1752,5,1
1752,8,1
1752,14,1
1753,8,1
1754,8,1
1755,5,1
1755,14,1
1756,4,1
1756,5,1
1757,5,1
1757,16,1
1758,1,1
1758,8,1
1759,2,1
1759,4,1
1760,5,1
1760,7,1
1761,8,1
1761,14,1
1762,5,1
1763,1,1
1763,15,1
1763,16,1
1764,1,1
1764,8,1
1765,1,1
1765,8,1
1765,16,1
1766,8,1
1766,16,1
1767,14,1
1768,8,1
1769,5,1
1770,5,1
1771,8,1
1772,8,1
1772,16,1
1773,6,1
1773,8,1
1774,4,1
1774,5,1
1775,8,1
1776,5,1
1776,16,1
1777,8,1
1778,8,1
1778,16,1
1779,2,1
1779,4,1
1779,5,1
1779,9,1
1780,2,1
1781,8,1
1781,14,1
1782,8,1
1782,14,1
1783,8,1
1783,16,1
1784,5,1
1785,5,1
1785,14,1
1786,5,1
1787,7,1
1787,12,1
1788,5,1
1789,1,1
1789,5,1
1790,8,1
1791,8,1
1792,5,1
1792,16,1
1793,11,1
1793,15,1
1794,5,1
1795,5,1
1796,7,1
1797,1,1
1797,5,1
1798,1,1
1798,2,1
1799,8,1
1799,17,1
1800,1,1
1800,16,1
1801,5,1
1801,8,1
1802,5,1
1802,8,1
1803,8,1
1804,8,1
1805,5,1
1805,14,1
1806,5,1
1807,1,1
1807,8,1
1807,15,1
1807,16,1
1808,8,1
1809,5,1
1809,14,1
1810,8,1
1811,8,1
1812,2,1
1812,3,1
1812,4,1
1812,9,1
1813,1,1
1813,15,1
1814,5,1
1815,5,1
1815,8,1
1816,5,1
1816,8,1
1817,5,1
1818,2,1
1818,5,1
1819,5,1
1819,8,1
1819,14,1
1820,16,1
1821,8,1
1822,11,1
1822,16,1
1823,13,1
1823,16,1
1824,8,1
1825,2,1
1825,5,1
1825,14,1
1826,5,1
1826,8,1
1826,14,1
1827,5,1
1828,8,1
1828,14,1
1829,8,1
1829,17,1
1830,2,1
1830,8,1
1831,8,1
1832,7,1
1833,8,1
1833,14,1
1834,5,1
1835,5,1
1835,8,1
1836,8,1
1837,5,1
1837,14,1
1838,3,1
1838,4,1
1839,8,1
1839,16,1
1840,13,1
1840,15,1
1840,16,1
1841,1,1
1841,5,1
1841,6,1
1842,5,1
1843,1,1
1843,6,1
1843,14,1
1844,8,1
1844,13,1
1845,5,1
1845,8,1
1846,8,1
1847,1,1
1847,5,1
1847,8,1
1848,1,1
1848,2,1
1848,15,1
1848,16,1
1849,1,1
1849,5,1
1849,6,1
1849,8,1
1850,4,1
1850,5,1
1851,3,1
1851,4,1
1851,9,1
1851,17,1
1852,15,1
1852,16,1
1853,8,1
1854,5,1
1855,11,1
1855,15,1
1856,8,1
1856,14,1
1856,17,1
1857,12,1
1858,17,1
1859,18,1
1860,8,1
1861,8,1
1862,2,1
1863,12,1
1864,8,1
1865,5,1
1866,8,1
1867,8,1
1867,17,1
1868,5,1
1869,8,1
1870,8,1
1870,17,1
1871,8,1
1872,8,1
1873,8,1
1874,8,1
1875,8,1
1875,14,1
1875,17,1
1876,6,1
1876,8,1
1877,8,1
1877,14,1
1878,12,1
1878,14,1
1879,5,1
1880,8,1
1881,8,1
1881,13,1
1882,12,1
1883,8,1
1884,1,1
1884,6,1
1884,8,1
1884,16,1
1885,1,1
1885,8,1
1886,8,1
1887,8,1
1888,8,1
1889,5,1
1889,8,1
1890,8,1
1890,14,1
1891,8,1
1891,17,1
1892,8,1
1893,8,1
1894,5,1
1895,8,1
1895,13,1
1896,5,1
1896,15,1
1897,5,1
1898,2,1
1898,4,1
1898,9,1
1899,5,1
1899,8,1
1900,11,1
1901,11,1
1902,11,1
1903,11,1
1904,11,1
1905,11,1
1906,11,1
1907,11,1
1908,11,1
1909,11,1
1910,11,1
1911,11,1
1912,11,1
1913,11,1
1914,11,1
1915,11,1
1916,11,1
1917,11,1
1918,11,1
1919,11,1
1920,11,1
1921,11,1
1922,11,1
1923,11,1
1924,11,1
1925,11,1
1925,16,1
1926,11,1
1926,16,1
1927,11,1
1927,16,1
1928,11,1
1929,11,1
1930,11,1
1931,1,1
1931,5,1
1931,6,1
1931,8,1
1932,1,1
1932,5,1
1932,6,1
1932,8,1
1933,1,1
1933,5,1
1933,6,1
1933,8,1
1934,5,1
1934,11,1
1935,5,1
1935,11,1
1936,2,1
1936,4,1
1936,9,1
1937,1,1
1937,2,1
1937,14,1
1938,5,1
1939,6,1
1939,8,1
1939,10,1
1940,15,1
1940,16,1
1941,15,1
1942,5,1
1942,15,1
1943,5,1
1943,15,1
1943,18,1
1944,1,1
1944,2,1
1945,4,1
1945,5,1
1946,4,1
1946,5,1
1946,9,1
1947,4,1
1947,5,1
1947,18,1
1948,4,1
1948,9,1
1948,12,1
1949,3,1
1949,4,1
1950,1,1
1950,8,1
1951,8,1
1951,14,1
1952,9,1
1952,15,1
1953,8,1
1954,1,1
1954,6,1
1954,8,1
1955,8,1
1955,13,1
1956,8,1
1956,14,1
1957,11,1
1957,16,1
1958,5,1
1958,6,1
1959,1,1
1959,8,1
1959,17,1
1960,5,1
1960,14,1
1961,8,1
1962,4,1
1962,5,1
1963,4,1
1963,5,1
1964,3,1
1964,4,1
1965,15,1
1966,4,1
1966,5,1
1967,4,1
1967,5,1
1968,2,1
1968,4,1
1968,5,1
1969,4,1
1969,5,1
1969,15,1
1970,2,1
1970,4,1
1971,4,1
1971,5,1
1972,1,1
1972,2,1
1972,4,1
1972,5,1
1973,4,1
1973,5,1
1974,2,1
1974,4,1
1974,9,1
1975,5,1
1976,2,1
1976,4,1
1976,8,1
1976,14,1
1977,2,1
1977,4,1
1977,15,1
1978,4,1
1979,3,1
1979,4,1
1980,5,1
1980,12,1
1981,2,1
1981,4,1
1981,5,1
1982,2,1
1982,4,1
1982,5,1
1983,4,1
1983,5,1
1984,4,1
1984,5,1
1984,15,1
1985,2,1
1985,4,1
1985,5,1
1985,9,1
1985,15,1
1986,5,1
1986,18,1
1987,2,1
1987,4,1
1988,2,1
1988,4,1
1989,1,1
1989,16,1
1990,4,1
1990,8,1
1991,5,1
1992,7,1
1993,8,1
1993,14,1
1994,8,1
1994,14,1
1995,5,1
1995,7,1
1996,5,1
1996,8,1
1996,14,1
1997,10,1
1998,8,1
1998,14,1
1998,17,1
1999,8,1
2000,8,1
2001,8,1
2002,8,1
2003,5,1
2004,5,1
2005,8,1
2006,8,1
2006,17,1
2007,8,1
2007,13,1
2008,2,1
2008,4,1
2009,3,1
2009,4,1
2009,5,1
2009,12,1
2010,4,1
2010,8,1
2011,3,1
2011,4,1
2011,5,1
2011,12,1
2011,14,1
2012,3,1
2012,4,1
2012,5,1
2012,12,1
2012,14,1
2013,4,1
2013,5,1
2014,4,1
2014,12,1
2015,4,1
2015,12,1
2016,3,1
2016,4,1
2017,8,1
2017,9,1
2018,3,1
2018,4,1
2018,9,1
2018,12,1
2019,2,1
2019,5,1
2019,12,1
2020,3,1
2020,4,1
2021,3,1
2021,4,1
2022,4,1
2022,15,1
2023,3,1
2023,4,1
2023,12,1
2024,2,1
2024,4,1
2024,9,1
2024,15,1
2025,1,1
2025,2,1
2025,15,1
2026,4,1
2026,5,1
2027,3,1
2027,4,1
2027,12,1
2028,4,1
2028,11,1
2029,4,1
2029,5,1
2030,2,1
2030,3,1
2030,4,1
2030,12,1
2031,5,1
2031,9,1
2031,14,1
2032,2,1
2032,8,1
2033,3,1
2033,4,1
2033,5,1
2033,12,1
2034,2,1
2034,4,1
2035,8,1
2036,1,1
2036,2,1
2036,9,1
2036,15,1
2037,8,1
2037,17,1
2038,11,1
2038,16,1
2039,5,1
2039,14,1
2040,5,1
2041,5,1
2041,6,1
2041,16,1
2042,5,1
2043,6,1
2043,8,1
2044,11,1
2044,16,1
2045,8,1
2046,1,1
2046,2,1
2047,2,1
2047,3,1
2047,4,1
2047,15,1
2048,8,1
2048,15,1
2049,11,1
2049,16,1
2050,11,1
2051,8,1
2051,11,1
2052,11,1
2052,16,1
2053,11,1
2053,16,1
2054,3,1
2054,4,1
2055,5,1
2056,8,1
2056,14,1
2057,1,1
2057,6,1
2057,13,1
2057,16,1
2058,8,1
2058,14,1
2059,5,1
2060,7,1
2061,6,1
2061,8,1
2061,14,1
2062,8,1
2063,8,1
2064,2,1
2064,5,1
2065,5,1
2066,2,1
2066,12,1
2067,5,1
2068,3,1
2068,4,1
2069,3,1
2069,4,1
2069,8,1
2069,9,1
2070,3,1
2070,4,1
2071,4,1
2071,9,1
2071,15,1
2072,3,1
2072,4,1
2072,5,1
2073,3,1
2073,4,1
2073,5,1
2074,2,1
2074,9,1
2074,14,1
2075,5,1
2076,5,1
2076,8,1
2076,14,1
2077,8,1
2077,14,1
2078,8,1
2079,5,1
2079,11,1
2080,5,1
2080,11,1
2081,5,1
2082,5,1
2083,4,1
2083,5,1
2084,1,1
2084,2,1
2085,8,1
2085,14,1
2086,5,1
2087,5,1
2087,8,1
2088,14,1
2089,6,1
2089,11,1
2090,6,1
2090,11,1
2091,11,1
2091,16,1
2092,2,1
2092,4,1
2092,9,1
2093,2,1
2093,4,1
2093,9,1
2094,5,1
2094,11,1
2095,8,1
2096,8,1
2097,8,1
2097,14,1
2098,1,1
2098,2,1
2098,11,1
2099,8,1
2099,14,1
2100,5,1
2101,1,1
2101,5,1
2102,5,1
2102,8,1
2102,14,1
2103,5,1
2104,2,1
2104,9,1
2104,15,1
2105,5,1
2105,9,1
2106,8,1
2106,14,1
2107,16,1
2108,5,1
2108,16,1
2109,16,1
2110,16,1
2111,16,1
2112,16,1
2113,8,1
2113,10,1
2113,16,1
2114,16,1
2115,13,1
2115,16,1
2116,16,1
2117,10,1
2117,16,1
2118,13,1
2118,16,1
2119,8,1
2120,3,1
2121,8,1
2122,5,1
2123,8,1
2124,1,1
2124,2,1
2124,9,1
2125,1,1
2125,6,1
2125,8,1
2126,5,1
2127,1,1
2128,8,1
2129,7,1
2130,6,1
2130,8,1
2131,8,1
2132,8,1
2133,8,1
2133,16,1
2133,17,1
2134,10,1
2134,16,1
2135,16,1
2136,5,1
2137,13,1
2137,16,1
2138,8,1
2139,5,1
2139,13,1
2139,14,1
2139,16,1
2140,6,1
2140,16,1
2141,16,1
2142,16,1
2143,16,1
2144,5,1
2144,12,1
2145,16,1
2146,5,1
2146,14,1
2147,8,1
2148,5,1
2148,12,1
2149,8,1
2150,13,1
2150,16,1
2151,8,1
2152,16,1
2153,5,1
2154,5,1
2155,8,1
2156,8,1
2157,8,1
2158,16,1
2159,8,1
2160,8,1
2161,5,1
2162,6,1
2162,8,1
2163,15,1
2163,16,1
2164,8,1
2165,8,1
2166,8,1
2166,17,1
2167,8,1
2168,8,1
2169,5,1
2169,8,1
2170,5,1
2170,8,1
2171,8,1
2172,5,1
2173,8,1
2174,5,1
2174,8,1
2174,14,1
2175,5,1
2175,14,1
2176,5,1
2176,8,1
2177,5,1
2178,5,1
2179,5,1
2179,8,1
2179,14,1
2180,5,1
2181,8,1
2182,5,1
2183,5,1
2183,8,1
2184,1,1
2184,5,1
2184,9,1
2185,8,1
2186,5,1
2187,11,1
2187,15,1
2188,5,1
2188,14,1
2189,1,1
2190,5,1
2190,14,1
2191,1,1
2191,6,1
2192,5,1
2193,5,1
2193,8,1
2193,14,1
2194,16,1
2195,8,1
2196,2,1
2196,5,1
2197,5,1
2197,14,1
2198,13,1
2198,16,1
2199,6,1
2199,8,1
2200,8,1
2201,7,1
2202,8,1
2203,8,1
2204,1,1
2204,16,1
2205,8,1
2206,1,1
2206,2,1
2206,15,1
2207,8,1
2208,8,1
2209,1,1
2209,6,1
2209,16,1
2210,11,1
2210,16,1
2211,6,1
2212,6,1
2213,5,1
2213,8,1
2214,8,1
2215,8,1
2216,8,1
2217,5,1
2218,15,1
2218,16,1
2218,17,1
2219,1,1
2219,11,1
2219,15,1
2219,16,1
2220,5,1
2220,8,1
2221,5,1
2221,8,1
2222,8,1
2222,14,1
2223,14,1
2224,8,1
2225,3,1
2225,4,1
2226,5,1
2227,5,1
2228,8,1
2228,14,1
2229,16,1
2230,5,1
2231,5,1
2231,12,1
2232,5,1
2233,5,1
2234,8,1
2234,12,1
2235,8,1
2236,8,1
2237,5,1
2238,1,1
2238,8,1
2239,1,1
2239,6,1
2240,8,1
2241,8,1
2242,13,1
2242,15,1
2243,8,1
2244,8,1
2245,8,1
2246,11,1
2246,16,1
2247,8,1
2247,14,1
2248,5,1
2249,5,1
2250,5,1
2251,8,1
2251,16,1
2252,5,1
2253,1,1
2253,2,1
2253,15,1
2253,16,1
2253,17,1
2254,7,1
2255,5,1
2255,8,1
2256,5,1
2257,8,1
2257,16,1
2258,11,1
2259,11,1
2260,8,1
2261,7,1
2262,5,1
2262,14,1
2263,6,1
2263,8,1
2264,8,1
2265,1,1
2265,16,1
2266,5,1
2267,8,1
2268,8,1
2269,11,1
2269,13,1
2269,16,1
2270,5,1
2270,14,1
2271,14,1
2272,8,1
2273,5,1
2274,8,1
2275,1,1
2275,2,1
2275,8,1
2275,16,1
2276,8,1
2277,15,1
2277,16,1
2278,1,1
2279,8,1
2280,5,1
2280,16,1
2281,5,1
2282,8,1
2283,5,1
2283,8,1
2284,1,1
2284,16,1
2285,3,1
2285,4,1
2285,5,1
2286,3,1
2286,4,1
2286,5,1
2287,5,1
2288,8,1
2289,8,1
2290,5,1
2291,8,1
2292,5,1
2293,8,1
2294,1,1
2294,15,1
2295,1,1
2295,15,1
2296,1,1
2296,15,1
2297,1,1
2297,2,1
2297,11,1
2298,1,1
2298,2,1
2298,11,1
2299,1,1
2299,2,1
2299,11,1
2300,5,1
2300,14,1
2301,1,1
2301,2,1
2301,8,1
2302,5,1
2303,5,1
2304,1,1
2304,2,1
2305,5,1
2305,8,1
2306,5,1
2307,1,1
2308,11,1
2308,15,1
2309,5,1
2310,5,1
2311,5,1
2312,5,1
2313,5,1
2314,5,1
2315,4,1
2315,5,1
2316,5,1
2316,14,1
2317,8,1
2318,5,1
2318,6,1
2319,8,1
2319,14,1
2320,6,1
2320,11,1
2320,16,1
2321,5,1
2322,6,1
2322,16,1
2323,5,1
2323,8,1
2324,1,1
2324,15,1
2325,3,1
2325,12,1
2326,5,1
2327,5,1
2327,14,1
2328,8,1
2329,8,1
2330,2,1
2330,4,1
2330,9,1
2331,4,1
2331,8,1
2332,18,1
2333,1,1
2333,17,1
2334,1,1
2335,1,1
2335,17,1
2336,1,1
2336,2,1
2336,5,1
2336,14,1
2337,1,1
2337,2,1
2337,5,1
2337,14,1
2338,5,1
2338,15,1
2339,5,1
2339,15,1
2340,1,1
2340,8,1
2341,1,1
2341,8,1
2342,1,1
2342,8,1
2343,1,1
2343,8,1
2344,5,1
2344,13,1
2345,1,1
2345,2,1
2345,13,1
2346,8,1
2346,14,1
2347,5,1
2348,5,1
2348,8,1
2349,5,1
2350,8,1
2350,16,1
2351,8,1
2352,1,1
2352,2,1
2352,8,1
2353,1,1
2353,2,1
2353,8,1
2354,5,1
2355,5,1
2355,14,1
2356,6,1
2357,5,1
2357,8,1
2357,14,1
2358,1,1
2358,8,1
2358,17,1
2359,11,1
2359,15,1
2360,2,1
2360,4,1
2360,8,1
2361,2,1
2361,4,1
2361,8,1
2362,5,1
2362,8,1
2363,8,1
2364,8,1
2365,8,1
2366,8,1
2367,5,1
2368,8,1
2369,8,1
2369,16,1
2370,8,1
2371,8,1
2372,8,1
2372,18,1
2373,8,1
2374,8,1
2374,14,1
2375,5,1
2375,8,1
2376,8,1
2377,16,1
2378,5,1
2378,8,1
2379,11,1
2379,15,1
2380,2,1
2380,4,1
2381,2,1
2381,4,1
2381,15,1
2382,11,1
2383,11,1
2384,8,1
2384,9,1
2385,11,1
2385,15,1
2386,11,1
2386,15,1
2387,11,1
2387,15,1
2388,1,1
2388,5,1
2389,5,1
2389,6,1
2390,11,1
2391,11,1
2392,11,1
2393,11,1
2394,5,1
2395,11,1
2396,11,1
2397,8,1
2398,13,1
2399,1,1
2399,5,1
2399,14,1
2399,16,1
2400,5,1
2400,14,1
2401,2,1
2401,5,1
2402,2,1
2402,5,1
2403,5,1
2404,5,1
2405,8,1
2406,1,1
2406,13,1
2406,16,1
2407,1,1
2407,17,1
2408,2,1
2409,5,1
2409,18,1
2410,8,1
2410,16,1
2411,8,1
2412,8,1
2412,14,1
2413,5,1
2413,14,1
2414,5,1
2414,11,1
2414,16,1
2415,5,1
2416,5,1
2416,14,1
2417,8,1
2418,1,1
2418,5,1
2419,8,1
2419,11,1
2419,16,1
2420,8,1
2421,1,1
2421,16,1
2422,5,1
2422,14,1
2423,5,1
2424,8,1
2425,7,1
2426,3,1
2426,15,1
2427,5,1
2427,14,1
2428,14,1
2429,5,1
2429,15,1
2430,5,1
2431,5,1
2432,8,1
2433,5,1
2433,14,1
2434,8,1
2435,5,1
2435,8,1
2436,16,1
2437,5,1
2437,8,1
2437,14,1
2438,5,1
2439,8,1
2440,5,1
2441,5,1
2441,14,1
2442,6,1
2443,8,1
2444,11,1
2445,11,1
2446,11,1
2447,11,1
2448,11,1
2449,5,1
2450,11,1
2451,8,1
2452,8,1
2453,8,1
2454,8,1
2454,16,1
2455,1,1
2455,8,1
2456,1,1
2456,11,1
2456,15,1
2457,15,1
2458,1,1
2458,15,1
2458,16,1
2458,18,1
2459,1,1
2459,2,1
2459,15,1
2460,1,1
2460,15,1
2461,1,1
2461,15,1
2462,1,1
2462,15,1
2463,1,1
2463,15,1
2464,1,1
2464,15,1
2465,1,1
2466,1,1
2467,8,1
2468,2,1
2469,7,1
2470,5,1
2471,1,1
2471,6,1
2471,8,1
2471,16,1
2472,8,1
2473,5,1
2473,6,1
2473,16,1
2474,5,1
2475,8,1
2476,5,1
2477,8,1
2478,8,1
2479,11,1
2480,1,1
2480,15,1
2481,11,1
2481,16,1
2482,8,1
2482,16,1
2483,5,1
2484,11,1
2484,15,1
2484,16,1
2485,11,1
2485,15,1
2485,16,1
2486,5,1
2487,5,1
2487,8,1
2487,14,1
2488,8,1
2489,5,1
2489,14,1
2490,3,1
2490,4,1
2491,8,1
2491,11,1
2492,6,1
2492,16,1
2493,8,1
2494,8,1
2495,8,1
2496,12,1
2497,3,1
2497,4,1
2498,5,1
2499,1,1
2499,6,1
2500,8,1
2500,14,1
2501,8,1
2501,14,1
2502,1,1
2502,15,1
2502,16,1
2503,5,1
2503,14,1
2504,8,1
2505,5,1
2506,8,1
2507,8,1
2508,5,1
2508,8,1
2509,15,1
2510,8,1
2511,6,1
2512,5,1
2512,14,1
2513,1,1
2513,5,1
2514,13,1
2515,5,1
2516,8,1
2516,14,1
2517,5,1
2517,6,1
2517,16,1
2518,5,1
2519,8,1
2520,5,1
2520,8,1
2520,14,1
2521,8,1
2522,5,1
2522,14,1
2523,8,1
2524,5,1
2525,8,1
2525,14,1
2525,15,1
2526,7,1
2527,5,1
2527,8,1
2528,5,1
2528,14,1
2529,5,1
2530,5,1
2531,1,1
2531,15,1
2531,16,1
2532,5,1
2533,2,1
2533,15,1
2534,8,1
2535,7,1
2536,6,1
2536,16,1
2537,5,1
2537,11,1
2538,8,1
2539,16,1
2540,8,1
2541,8,1
2542,8,1
2543,8,1
2544,1,1
2544,11,1
2544,15,1
2545,1,1
2545,11,1
2545,15,1
2546,2,1
2546,15,1
2547,1,1
2547,6,1
2548,1,1
2548,2,1
2548,11,1
2548,16,1
2549,5,1
2550,8,1
2551,8,1
2551,14,1
2552,8,1
2552,14,1
2553,5,1
2553,9,1
2554,5,1
2555,8,1
2556,1,1
2557,5,1
2557,8,1
2557,14,1
2558,7,1
2558,8,1
2559,1,1
2559,2,1
2559,9,1
2559,15,1
2560,5,1
2560,14,1
2561,8,1
2562,5,1
2562,10,1
2562,16,1
2563,8,1
2564,11,1
2564,14,1
2565,11,1
2566,11,1
2567,11,1
2568,11,1
2569,11,1
2570,8,1
2571,1,1
2571,2,1
2571,15,1
2572,1,1
2572,2,1
2572,15,1
2573,1,1
2573,2,1
2573,15,1
2574,1,1
2574,2,1
2574,15,1
2575,11,1
2576,11,1
2577,11,1
2578,11,1
2579,11,1
2580,11,1
2581,11,1
2582,11,1
2583,11,1
2584,11,1
2585,11,1
2586,11,1
2587,11,1
2587,15,1
2588,5,1
2588,11,1
2588,12,1
2588,15,1
2589,15,1
2590,5,1
2590,7,1
2591,15,1
2592,15,1
2593,1,1
2593,15,1
2593,17,1
2594,15,1
2595,11,1
2595,15,1
2596,15,1
2597,15,1
2598,15,1
2599,11,1
2599,15,1
2600,17,1
2601,17,1
2602,5,1
2602,14,1
2603,8,1
2603,15,1
2603,16,1
2604,8,1
2605,8,1
2606,5,1
2606,8,1
2606,14,1
2607,8,1
2607,16,1
2608,7,1
2609,8,1
2610,8,1
2610,14,1
2611,8,1
2612,5,1
2612,14,1
2612,15,1
2613,8,1
2614,5,1
2615,5,1
2615,8,1
2616,5,1
2616,8,1
2617,8,1
2617,13,1
2618,3,1
2618,4,1
2619,8,1
2619,16,1
2620,7,1
2621,5,1
2622,8,1
2623,1,1
2623,6,1
2623,14,1
2624,7,1
2625,5,1
2626,8,1
2627,5,1
2628,5,1
2628,8,1
2628,14,1
2629,15,1
2630,1,1
2630,5,1
2630,15,1
2630,16,1
2631,3,1
2631,5,1
2632,1,1
2632,15,1
2632,18,1
2633,8,1
2634,8,1
2635,8,1
2635,14,1
2636,8,1
2637,5,1
2638,16,1
2639,14,1
2640,4,1
2640,5,1
2641,11,1
2642,8,1
2643,8,1
2644,11,1
2644,16,1
2645,8,1
2646,5,1
2646,14,1
2647,5,1
2647,11,1
2648,5,1
2648,11,1
2649,5,1
2650,11,1
2650,16,1
2651,1,1
2651,2,1
2651,4,1
2651,5,1
2652,14,1
2653,1,1
2653,15,1
2653,16,1
2654,1,1
2654,2,1
2654,5,1
2655,5,1
2655,14,1
2656,8,1
2657,6,1
2657,10,1
2658,10,1
2659,8,1
2660,8,1
2661,8,1
2662,8,1
2663,8,1
2664,2,1
2664,5,1
2665,8,1
2666,1,1
2666,2,1
2666,5,1
2667,5,1
2668,1,1
2669,5,1
2669,8,1
2670,8,1
2671,11,1
2672,1,1
2672,16,1
2673,5,1
2673,8,1
2674,8,1
2675,8,1
2676,8,1
2677,5,1
2677,11,1
2677,12,1
2678,5,1
2678,11,1
2679,1,1
2679,2,1
2680,8,1
2680,13,1
2681,5,1
2681,8,1
2682,5,1
2683,5,1
2683,13,1
2684,16,1
2685,11,1
2686,8,1
2687,1,1
2688,8,1
2689,8,1
2690,5,1
2691,8,1
2692,3,1
2692,4,1
2693,16,1
2694,1,1
2694,16,1
2695,6,1
2695,8,1
2695,16,1
2696,5,1
2696,8,1
2697,5,1
2697,8,1
2698,5,1
2699,5,1
2700,6,1
2700,13,1
2701,5,1
2702,8,1
2703,5,1
2704,8,1
2705,5,1
2705,14,1
2706,8,1
2707,7,1
2708,8,1
2709,16,1
2710,5,1
2711,5,1
2711,11,1
2712,11,1
2713,11,1
2714,11,1
2715,11,1
2716,11,1
2717,5,1
2718,11,1
2719,5,1
2720,11,1
2721,11,1
2722,5,1
2723,5,1
2724,5,1
2724,11,1
2725,5,1
2726,5,1
2727,5,1
2728,5,1
2728,9,1
2729,5,1
2730,5,1
2731,3,1
2731,4,1
2732,8,1
2732,14,1
2733,1,1
2733,14,1
2733,16,1
2734,16,1
2735,5,1
2735,8,1
2736,5,1
2736,14,1
2737,5,1
2737,16,1
2738,1,1
2738,15,1
2739,1,1
2739,15,1
2740,5,1
2741,3,1
2741,13,1
2742,5,1
2743,1,1
2743,16,1
2744,7,1
2745,11,1
2746,1,1
2746,17,1
2747,1,1
2747,17,1
2748,1,1
2748,17,1
2749,1,1
2749,17,1
2750,16,1
2751,8,1
2752,2,1
2752,8,1
2753,2,1
2753,14,1
2754,1,1
2754,8,1
2755,7,1
2756,8,1
2757,1,1
2757,11,1
2757,16,1
2758,15,1
2758,16,1
2759,4,1
2759,5,1
2760,5,1
2760,8,1
2761,8,1
2762,8,1
2763,8,1
2764,14,1
2764,17,1
2765,5,1
2765,14,1
2766,1,1
2766,16,1
2767,5,1
2768,5,1
2768,14,1
2769,5,1
2770,8,1
2771,16,1
2772,16,1
2773,6,1
2773,8,1
2774,5,1
2774,14,1
2775,8,1
2775,13,1
2776,8,1
2777,4,1
2778,8,1
2779,8,1
2780,5,1
2780,8,1
2781,8,1
2781,16,1
2782,2,1
2782,15,1
2782,16,1
2783,8,1
2784,11,1
2785,11,1
2786,11,1
2787,16,1
2788,3,1
2788,12,1
2789,5,1
2789,8,1
2790,7,1
2791,5,1
2792,5,1
2792,8,1
2793,8,1
2794,5,1
2794,12,1
2795,5,1
2796,5,1
2797,8,1
2798,5,1
2798,11,1
2799,11,1
2800,8,1
2801,5,1
2802,2,1
2802,16,1
2803,1,1
2803,8,1
2803,9,1
2803,14,1
2804,8,1
2804,13,1
2804,14,1
2805,5,1
2806,8,1
2806,13,1
2806,14,1
2807,3,1
2807,4,1
2808,8,1
2808,12,1
2809,11,1
2810,1,1
2810,2,1
2810,5,1
2811,1,1
2811,2,1
2811,5,1
2812,1,1
2812,16,1
2813,8,1
2814,5,1
2815,5,1
2815,14,1
2816,8,1
2816,14,1
2817,4,1
2817,5,1
2818,8,1
2819,5,1
2819,14,1
2820,5,1
2821,8,1
2821,17,1
2822,5,1
2823,1,1
2823,8,1
2824,1,1
2824,8,1
2825,8,1
2825,14,1
2826,2,1
2827,18,1
2828,5,1
2828,17,1
2829,11,1
2829,13,1
2830,2,1
2830,3,1
2830,4,1
2831,11,1
2831,15,1
2832,11,1
2832,15,1
2833,11,1
2833,16,1
2834,11,1
2834,16,1
2835,8,1
2836,1,1
2836,2,1
2837,8,1
2837,14,1
2838,5,1
2839,8,1
2840,7,1
2841,8,1
2841,14,1
2842,8,1
2843,1,1
2843,6,1
2843,8,1
2844,5,1
2845,5,1
2845,8,1
2846,5,1
2847,1,1
2847,2,1
2847,15,1
2847,16,1
2848,6,1
2848,16,1
2849,5,1
2850,8,1
2850,14,1
2851,8,1
2851,14,1
2852,18,1
2853,18,1
2854,5,1
2855,1,1
2855,5,1
2856,8,1
2857,5,1
2857,8,1
2858,8,1
2858,14,1
2859,8,1
2860,8,1
2861,7,1
2862,8,1
2863,8,1
2864,8,1
2865,12,1
2866,5,1
2866,14,1
2867,5,1
2868,5,1
2869,8,1
2870,8,1
2870,16,1
2871,10,1
2872,12,1
2872,14,1
2872,17,1
2873,8,1
2873,14,1
2874,8,1
2874,14,1
2875,1,1
2875,17,1
2876,13,1
2877,5,1
2877,12,1
2878,1,1
2879,1,1
2880,1,1
2881,2,1
2881,8,1
2881,14,1
2882,1,1
2882,18,1
2883,6,1
2883,16,1
2884,4,1
2884,5,1
2885,8,1
2886,8,1
2887,1,1
2887,6,1
2887,16,1
2888,8,1
2889,8,1
2890,8,1
2891,8,1
2892,5,1
2892,8,1
2893,5,1
2893,14,1
2894,6,1
2894,8,1
2895,8,1
2896,1,1
2897,8,1
2898,8,1
2898,16,1
2899,2,1
2899,9,1
2899,15,1
2900,8,1
2900,14,1
2901,2,1
2901,8,1
2902,12,1
2903,8,1
2903,17,1
2904,5,1
2905,11,1
2905,16,1
2906,8,1
2907,8,1
2907,11,1
2908,5,1
2908,8,1
2909,5,1
2909,14,1
2910,8,1
2911,8,1
2912,7,1
2913,11,1
2913,16,1
2914,16,1
2915,7,1
2916,1,1
2916,6,1
2916,15,1
2917,1,1
2917,6,1
2917,15,1
2918,2,1
2918,3,1
2918,10,1
2919,8,1
2920,1,1
2921,1,1
2922,1,1
2923,11,1
2923,16,1
2924,1,1
2925,8,1
2926,11,1
2927,8,1
2928,5,1
2929,14,1
2930,5,1
2931,1,1
2931,2,1
2931,3,1
2932,8,1
2933,7,1
2934,5,1
2934,8,1
2935,5,1
2935,14,1
2936,16,1
2937,8,1
2938,7,1
2939,16,1
2940,8,1
2941,8,1
2942,8,1
2943,5,1
2944,5,1
2944,11,1
2945,5,1
2946,16,1
2947,11,1
2948,11,1
2949,11,1
2950,6,1
2950,8,1
2951,1,1
2951,8,1
2952,11,1
2953,5,1
2954,5,1
2954,14,1
2955,11,1
2955,15,1
2956,18,1
2957,11,1
2958,11,1
2959,5,1
2960,1,1
2960,8,1
2961,5,1
2961,8,1
2961,18,1
2962,5,1
2963,15,1
2964,5,1
2964,15,1
2965,3,1
2965,4,1
2966,5,1
2966,8,1
2966,17,1
2967,2,1
2968,5,1
2968,8,1
2968,18,1
2969,8,1
2970,5,1
2971,5,1
2972,5,1
2973,5,1
2974,5,1
2975,13,1
2975,14,1
2975,16,1
2976,5,1
2976,8,1
2977,5,1
2977,14,1
2978,8,1
2979,5,1
2980,5,1
2980,17,1
2981,8,1
2982,8,1
2983,5,1
2984,8,1
2984,17,1
2985,3,1
2985,4,1
2986,16,1
2987,16,1
2988,5,1
2989,11,1
2989,15,1
2990,8,1
2991,5,1
2991,8,1
2992,5,1
2992,12,1
2993,1,1
2993,8,1
2993,17,1
2994,16,1
2995,16,1
2996,8,1
2997,17,1
2998,5,1
2998,8,1
2999,8,1
3000,8,1
3001,2,1
3001,5,1
3001,15,1
3002,8,1
3003,5,1
3004,8,1
3004,14,1
3005,18,1
3006,16,1
3007,5,1
3008,7,1
3009,8,1
3010,8,1
3011,8,1
3011,15,1
3012,11,1
3012,14,1
3013,1,1
3013,16,1
3014,5,1
3014,8,1
3015,7,1
3016,11,1
3017,5,1
3018,5,1
3019,5,1
3020,8,1
3021,8,1
3022,8,1
3022,17,1
3023,8,1
3024,8,1
3024,18,1
3025,8,1
3025,14,1
3026,8,1
3027,5,1
3028,5,1
3028,14,1
3029,8,1
3030,5,1
3030,14,1
3031,8,1
3032,16,1
3033,16,1
3034,8,1
3034,14,1
3035,1,1
3035,2,1
3035,5,1
3035,6,1
3036,8,1
3037,8,1
3037,14,1
3038,1,1
3038,8,1
3039,5,1
3039,8,1
3039,14,1
3040,8,1
3041,8,1
3042,8,1
3043,8,1
3044,1,1
3044,16,1
3045,3,1
3045,4,1
3045,5,1
3046,8,1
3047,8,1
3048,8,1
3048,14,1
3048,17,1
3049,8,1
3050,11,1
3051,5,1
3052,10,1
3053,8,1
3053,14,1
3053,18,1
3054,5,1
3055,5,1
3055,8,1
3056,8,1
3057,8,1
3058,8,1
3059,8,1
3060,5,1
3060,8,1
3061,5,1
3062,5,1
3063,5,1
3064,5,1
3065,8,1
3065,17,1
3066,8,1
3067,7,1
3068,1,1
3068,17,1
3069,8,1
3070,1,1
3070,2,1
3071,5,1
3072,8,1
3073,7,1
3073,12,1
3074,8,1
3074,17,1
3075,5,1
3075,14,1
3076,8,1
3077,5,1
3078,8,1
3078,16,1
3079,8,1
3080,13,1
3081,8,1
3082,6,1
3082,8,1
3082,13,1
3083,8,1
3084,1,1
3084,2,1
3084,9,1
3085,8,1
3085,17,1
3086,8,1
3086,14,1
3087,5,1
3087,8,1
3087,15,1
3088,4,1
3088,5,1
3089,8,1
3090,3,1
3090,4,1
3090,12,1
3091,8,1
3092,8,1
3093,5,1
3093,8,1
3094,8,1
3095,8,1
3096,1,1
3096,8,1
3097,2,1
3098,8,1
3099,2,1
3099,8,1
3100,8,1
3101,18,1
3102,8,1
3103,2,1
3104,8,1
3105,5,1
3105,8,1
3106,2,1
3106,5,1
3106,15,1
3107,8,1
3107,13,1
3107,16,1
3108,5,1
3109,8,1
3110,8,1
3111,5,1
3111,8,1
3112,8,1
3113,7,1
3114,8,1
3115,1,1
3115,5,1
3115,6,1
3115,8,1
3116,8,1
3117,8,1
3118,8,1
3119,7,1
3120,5,1
3121,2,1
3121,15,1
3122,8,1
3123,8,1
3124,7,1
3125,8,1
3126,8,1
3127,8,1
3127,17,1
3128,1,1
3129,8,1
3130,5,1
3130,12,1
3130,14,1
3131,5,1
3131,8,1
3132,8,1
3133,8,1
3134,16,1
3135,16,1
3136,11,1
3137,14,1
3138,2,1
3139,1,1
3139,5,1
3140,8,1
3141,5,1
3142,8,1
3143,8,1
3144,3,1
3144,4,1
3145,8,1
3146,8,1
3147,11,1
3148,8,1
3149,8,1
3150,16,1
3151,8,1
3152,8,1
3153,8,1
3154,8,1
3155,8,1
3156,5,1
3156,14,1
3157,7,1
3158,5,1
3158,8,1
3158,16,1
3159,5,1
3160,6,1
3160,8,1
3161,16,1
3162,5,1
3163,5,1
3164,5,1
3165,5,1
3166,5,1
3167,18,1
3168,7,1
3169,16,1
3170,5,1
3171,5,1
3172,5,1
3173,5,1
3174,5,1
3175,5,1
3175,14,1
3176,8,1
3177,8,1
3178,5,1
3178,6,1
3179,5,1
3180,16,1
3181,8,1
3182,8,1
3182,13,1
3183,8,1
3184,5,1
3185,5,1
3186,5,1
3186,8,1
3187,1,1
3187,16,1
3188,1,1
3188,8,1
3188,14,1
3188,16,1
3189,5,1
3190,8,1
3190,14,1
3191,8,1
3192,5,1
3192,8,1
3192,14,1
3193,8,1
3193,13,1
3194,5,1
3195,5,1
3195,11,1
3196,1,1
3196,6,1
3197,1,1
3197,5,1
3197,6,1
3197,8,1
3198,1,1
3198,16,1
3199,1,1
3199,5,1
3200,2,1
3200,14,1
3200,15,1
3201,8,1
3202,8,1
3203,6,1
3203,8,1
3204,11,1
3204,13,1
3204,16,1
3205,1,1
3206,1,1
3206,5,1
3207,5,1
3208,8,1
3209,7,1
3210,1,1
3210,2,1
3211,11,1
3212,7,1
3213,5,1
3214,1,1
3215,5,1
3215,14,1
3216,2,1
3216,8,1
3217,5,1
3218,3,1
3218,4,1
3219,8,1
3220,8,1
3221,5,1
3222,16,1
3223,10,1
3224,8,1
3224,15,1
3225,11,1
3226,8,1
3227,8,1
3228,7,1
3229,8,1
3230,5,1
3230,8,1
3231,1,1
3231,15,1
3232,5,1
3232,6,1
3233,5,1
3234,7,1
3235,6,1
3235,8,1
3236,10,1
3236,11,1
3237,5,1
3238,5,1
3238,8,1
3238,14,1
3239,5,1
3239,8,1
3240,5,1
3241,1,1
3242,18,1
3243,8,1
3244,5,1
3245,1,1
3245,8,1
3246,12,1
3247,1,1
3247,16,1
3248,5,1
3248,8,1
3249,16,1
3250,8,1
3251,5,1
3251,14,1
3252,5,1
3253,5,1
3254,5,1
3254,6,1
3255,5,1
3256,5,1
3256,8,1
3257,5,1
3257,15,1
3258,7,1
3259,6,1
3259,8,1
3260,8,1
3261,8,1
3262,8,1
3263,2,1
3263,4,1
3264,8,1
3265,6,1
3265,8,1
3265,10,1
3265,16,1
3266,6,1
3266,8,1
3267,8,1
3268,5,1
3268,8,1
3269,7,1
3270,17,1
3271,11,1
3271,15,1
3272,5,1
3273,8,1
3273,17,1
3274,5,1
3274,8,1
3274,14,1
3275,11,1
3276,2,1
3276,4,1
3277,11,1
3278,8,1
3279,6,1
3279,16,1
3280,5,1
3281,8,1
3282,11,1
3283,8,1
3284,5,1
3284,14,1
3285,15,1
3286,16,1
3287,7,1
3288,8,1
3288,14,1
3289,5,1
3289,14,1
3290,8,1
3291,8,1
3292,5,1
3293,5,1
3293,6,1
3293,8,1
3294,5,1
3294,8,1
3295,6,1
3295,10,1
3296,18,1
3297,1,1
3297,2,1
3297,17,1
3298,17,1
3299,14,1
3299,18,1
3300,6,1
3301,8,1
3301,16,1
3302,8,1
3303,1,1
3303,17,1
3304,18,1
3305,8,1
3306,15,1
3307,14,1
3308,8,1
3308,17,1
3309,8,1
3310,8,1
3311,10,1
3312,5,1
3312,8,1
3313,8,1
3314,8,1
3314,12,1
3315,1,1
3316,5,1
3317,8,1
3317,13,1
3318,5,1
3319,5,1
3320,1,1
3320,2,1
3321,2,1
3322,5,1
3323,5,1
3324,5,1
3324,9,1
3325,5,1
3325,14,1
3326,5,1
3327,4,1
3327,5,1
3328,4,1
3328,5,1
3329,4,1
3329,5,1
3330,4,1
3330,5,1
3331,3,1
3331,4,1
3332,2,1
3332,15,1
3333,8,1
3334,8,1
3334,16,1
3335,1,1
3335,8,1
3336,1,1
3336,8,1
3337,1,1
3337,2,1
3337,17,1
3338,5,1
3338,8,1
3339,8,1
3340,8,1
3340,16,1
3341,5,1
3341,8,1
3342,8,1
3343,2,1
3344,6,1
3344,8,1
3345,14,1
3346,8,1
3347,8,1
3348,2,1
3348,5,1
3348,15,1
3349,1,1
3349,8,1
3350,5,1
3350,6,1
3351,8,1
3351,16,1
3352,5,1
3353,5,1
3353,14,1
3354,8,1
3355,5,1
3355,8,1
3356,8,1
3357,8,1
3357,14,1
3358,6,1
3359,8,1
3360,3,1
3360,5,1
3361,1,1
3361,8,1
3362,1,1
3362,8,1
3363,1,1
3363,8,1
3364,1,1
3364,8,1
3365,1,1
3365,8,1
3366,6,1
3366,10,1
3367,8,1
3367,14,1
3368,8,1
3369,1,1
3369,4,1
3369,9,1
3370,1,1
3370,4,1
3370,9,1
3371,1,1
3371,4,1
3371,9,1
3372,1,1
3372,17,1
3373,1,1
3374,1,1
3374,8,1
3374,16,1
3375,1,1
3376,13,1
3376,16,1
3377,5,1
3378,8,1
3379,5,1
3379,8,1
3379,17,1
3380,8,1
3381,5,1
3382,5,1
3382,8,1
3383,1,1
3383,14,1
3384,8,1
3384,14,1
3385,5,1
3385,14,1
3386,8,1
3386,16,1
3387,8,1
3388,8,1
3389,8,1
3389,14,1
3390,8,1
3390,11,1
3391,5,1
3392,2,1
3392,8,1
3392,16,1
3393,5,1
3394,5,1
3395,15,1
3395,16,1
3396,8,1
3397,5,1
3397,9,1
3398,8,1
3398,18,1
3399,8,1
3400,8,1
3401,2,1
3401,8,1
3402,8,1
3402,15,1
3403,11,1
3404,5,1
3405,15,1
3405,16,1
3406,8,1
3406,14,1
3407,11,1
3407,13,1
3407,16,1
3408,5,1
3408,8,1
3409,8,1
3410,2,1
3410,9,1
3410,14,1
3411,8,1
3412,5,1
3413,8,1
3414,3,1
3414,4,1
3415,16,1
3416,11,1
3417,15,1
3418,18,1
3419,11,1
3419,15,1
3420,2,1
3420,9,1
3421,11,1
3422,5,1
3423,2,1
3424,11,1
3425,2,1
3425,18,1
3426,5,1
3426,8,1
3427,8,1
3428,5,1
3429,8,1
3430,11,1
3431,5,1
3431,8,1
3432,5,1
3432,14,1
3433,8,1
3434,8,1
3434,15,1
3435,5,1
3435,8,1
3436,16,1
3437,5,1
3437,8,1
3438,5,1
3439,18,1
3440,8,1
3441,8,1
3441,16,1
3442,5,1
3443,8,1
3443,14,1
3444,8,1
3444,16,1
3445,8,1
3446,5,1
3447,5,1
3447,14,1
3448,6,1
3448,8,1
3449,8,1
3449,16,1
3450,1,1
3450,17,1
3451,5,1
3452,5,1
3452,6,1
3452,8,1
3453,8,1
3454,1,1
3454,16,1
3455,5,1
3455,14,1
3456,5,1
3457,5,1
3457,8,1
3458,1,1
3458,15,1
3458,16,1
3459,8,1
3459,14,1
3460,6,1
3460,16,1
3461,5,1
3462,5,1
3462,8,1
3462,14,1
3463,5,1
3464,8,1
3465,5,1
3466,5,1
3466,11,1
3466,16,1
3467,5,1
3467,14,1
3468,5,1
3468,8,1
3469,5,1
3470,7,1
3471,14,1
3471,16,1
3472,1,1
3473,8,1
3474,5,1
3474,8,1
3475,5,1
3476,12,1
3476,17,1
3477,8,1
3477,16,1
3478,8,1
3479,5,1
3479,8,1
3480,12,1
3481,11,1
3482,16,1
3483,5,1
3484,8,1
3484,16,1
3485,8,1
3485,14,1
3486,1,1
3486,16,1
3487,5,1
3487,8,1
3488,16,1
3489,8,1
3490,8,1
3491,8,1
3492,8,1
3493,5,1
3493,8,1
3494,1,1
3494,11,1
3495,4,1
3495,5,1
3496,5,1
3496,8,1
3497,5,1
3497,8,1
3498,5,1
3499,8,1
3500,5,1
3500,8,1
3501,8,1
3502,8,1
3503,11,1
3503,15,1
3504,11,1
3504,15,1
3505,11,1
3505,15,1
3506,8,1
3507,1,1
3507,11,1
3507,15,1
3508,8,1
3509,1,1
3509,8,1
3510,8,1
3511,8,1
3512,8,1
3513,8,1
3514,8,1
3515,1,1
3515,8,1
3515,14,1
3515,16,1
3516,2,1
3516,17,1
3517,8,1
3518,11,1
3519,6,1
3519,8,1
3520,11,1
3521,5,1
3522,5,1
3522,8,1
3523,3,1
3523,15,1
3524,1,1
3524,15,1
3525,8,1
3526,5,1
3527,5,1
3528,5,1
3529,8,1
3530,5,1
3530,12,1
3531,5,1
3531,12,1
3532,5,1
3532,18,1
3533,12,1
3534,5,1
3535,12,1
3536,8,1
3536,12,1
3537,12,1
3538,5,1
3538,8,1
3538,18,1
3539,5,1
3540,7,1
3541,12,1
3542,3,1
3542,4,1
3542,5,1
3543,2,1
3543,12,1
3543,14,1
3544,5,1
3545,5,1
3545,14,1
3546,3,1
3546,4,1
3547,5,1
3547,14,1
3548,5,1
3549,5,1
3550,5,1
3551,5,1
3551,8,1
3552,8,1
3552,11,1
3553,5,1
3554,1,1
3554,16,1
3555,1,1
3556,7,1
3557,5,1
3558,11,1
3558,16,1
3559,1,1
3559,8,1
3559,17,1
3560,5,1
3561,11,1
3562,5,1
3563,5,1
3564,1,1
3565,16,1
3566,1,1
3567,8,1
3568,8,1
3569,1,1
3569,14,1
3569,15,1
3570,1,1
3571,5,1
3571,8,1
3572,8,1
3573,18,1
3574,1,1
3574,8,1
3574,17,1
3575,18,1
3576,8,1
3577,5,1
3578,8,1
3579,11,1
3579,15,1
3580,8,1
3581,11,1
3582,11,1
3583,11,1
3584,7,1
3585,1,1
3585,8,1
3585,17,1
3586,8,1
3587,6,1
3588,8,1
3589,15,1
3590,15,1
3590,16,1
3591,11,1
3591,15,1
3591,16,1
3592,11,1
3592,15,1
3592,16,1
3593,11,1
3593,15,1
3593,16,1
3594,11,1
3594,15,1
3594,16,1
3595,11,1
3595,15,1
3595,16,1
3596,11,1
3596,15,1
3596,16,1
3597,11,1
3597,15,1
3597,16,1
3598,1,1
3598,5,1
3599,8,1
3599,14,1
3600,5,1
3601,17,1
3602,5,1
3602,18,1
3603,2,1
3603,4,1
3604,2,1
3604,4,1
3605,2,1
3605,4,1
3606,12,1
3607,8,1
3607,11,1
3608,7,1
3609,8,1
3610,7,1
3611,7,1
3612,18,1
3613,18,1
3614,8,1
3614,10,1
3615,8,1
3615,14,1
3616,5,1
3616,8,1
3616,14,1
3617,16,1
3618,15,1
3619,5,1
3620,5,1
3621,5,1
3622,5,1
3623,5,1
3623,11,1
3624,5,1
3624,11,1
3625,5,1
3625,11,1
3626,5,1
3626,11,1
3627,5,1
3627,11,1
3627,15,1
3628,1,1
3628,15,1
3628,16,1
3629,1,1
3629,2,1
3629,15,1
3630,2,1
3630,8,1
3630,14,1
3630,15,1
3631,8,1
3631,15,1
3632,6,1
3632,8,1
3632,15,1
3633,1,1
3633,15,1
3634,1,1
3634,15,1
3635,1,1
3635,15,1
3636,1,1
3636,2,1
3636,14,1
3636,16,1
3637,10,1
3637,13,1
3637,16,1
3638,8,1
3639,11,1
3639,16,1
3640,11,1
3641,1,1
3641,5,1
3642,8,1
3643,5,1
3644,8,1
3645,8,1
3646,5,1
3647,1,1
3647,6,1
3648,1,1
3648,6,1
3649,7,1
3650,5,1
3650,14,1
3651,8,1
3652,5,1
3653,5,1
3654,8,1
3655,8,1
3655,17,1
3656,3,1
3656,12,1
3657,1,1
3657,16,1
3658,5,1
3658,11,1
3659,16,1
3660,1,1
3660,6,1
3661,8,1
3661,13,1
3662,8,1
3662,16,1
3663,11,1
3664,8,1
3665,8,1
3666,6,1
3666,8,1
3667,8,1
3668,8,1
3668,18,1
3669,8,1
3670,5,1
3670,14,1
3671,1,1
3671,5,1
3672,6,1
3672,8,1
3673,8,1
3673,17,1
3674,5,1
3674,14,1
3675,1,1
3675,6,1
3676,2,1
3676,3,1
3676,15,1
3677,8,1
3677,17,1
3678,8,1
3679,5,1
3679,14,1
3680,8,1
3681,8,1
3682,3,1
3682,4,1
3682,5,1
3683,5,1
3684,1,1
3684,8,1
3684,17,1
3685,3,1
3685,4,1
3685,5,1
3686,1,1
3686,2,1
3686,16,1
3687,8,1
3688,11,1
3689,8,1
3689,15,1
3689,16,1
3690,3,1
3690,4,1
3690,12,1
3691,5,1
3692,6,1
3692,8,1
3693,11,1
3694,1,1
3694,6,1
3694,16,1
3695,1,1
3695,6,1
3695,16,1
3696,8,1
3696,14,1
3697,1,1
3697,17,1
3698,1,1
3698,17,1
3699,1,1
3699,17,1
3700,1,1
3701,2,1
3701,6,1
3701,15,1
3701,16,1
3702,1,1
3702,2,1
3703,11,1
3704,5,1
3705,5,1
3706,3,1
3706,4,1
3706,12,1
3707,3,1
3707,4,1
3707,12,1
3708,5,1
3708,11,1
3709,5,1
3709,8,1
3710,15,1
3711,15,1
3712,1,1
3712,6,1
3713,1,1
3713,6,1
3714,6,1
3714,8,1
3715,5,1
3716,5,1
3716,11,1
3717,5,1
3718,5,1
3719,8,1
3719,13,1
3720,8,1
3721,8,1
3722,8,1
3723,18,1
3724,1,1
3724,15,1
3725,5,1
3725,8,1
3726,8,1
3727,14,1
3727,16,1
3728,16,1
3729,16,1
3730,3,1
3730,4,1
3731,8,1
3731,14,1
3732,8,1
3732,13,1
3733,1,1
3733,15,1
3734,8,1
3735,5,1
3736,1,1
3736,2,1
3736,8,1
3737,18,1
3738,1,1
3738,2,1
3739,8,1
3739,17,1
3740,5,1
3741,8,1
3741,16,1
3742,8,1
3742,17,1
3743,5,1
3744,8,1
3745,5,1
3746,8,1
3747,5,1
3747,8,1
3748,5,1
3748,12,1
3749,5,1
3750,4,1
3751,5,1
3752,8,1
3752,14,1
3753,8,1
3754,8,1
3754,14,1
3755,8,1
3756,11,1
3756,15,1
3756,16,1
3757,1,1
3757,15,1
3758,5,1
3759,5,1
3759,14,1
3760,5,1
3760,11,1
3760,16,1
3761,5,1
3762,11,1
3763,11,1
3763,15,1
3764,2,1
3764,8,1
3764,14,1
3765,16,1
3766,1,1
3766,5,1
3766,17,1
3767,11,1
3768,11,1
3769,11,1
3770,11,1
3771,1,1
3771,5,1
3772,11,1
3773,11,1
3774,8,1
3775,8,1
3776,5,1
3777,11,1
3778,8,1
3778,16,1
3779,16,1
3780,6,1
3780,16,1
3781,5,1
3782,5,1
3783,8,1
3784,8,1
3784,14,1
3785,8,1
3785,14,1
3786,8,1
3787,16,1
3788,5,1
3789,7,1
3790,6,1
3791,5,1
3792,5,1
3793,15,1
3793,16,1
3794,1,1
3794,2,1
3794,15,1
3795,5,1
3795,7,1
3796,5,1
3797,8,1
3798,5,1
3799,5,1
3800,8,1
3801,8,1
3801,18,1
3802,8,1
3803,5,1
3803,18,1
3804,5,1
3804,14,1
3805,11,1
3806,8,1
3807,1,1
3807,2,1
3807,9,1
3808,15,1
3809,1,1
3810,7,1
3811,7,1
3812,5,1
3813,5,1
3813,8,1
3814,5,1
3815,5,1
3815,14,1
3816,8,1
3817,8,1
3818,8,1
3818,14,1
3819,1,1
3819,2,1
3819,9,1
3820,7,1
3821,6,1
3821,8,1
3822,11,1
3823,5,1
3823,16,1
3824,8,1
3825,6,1
3825,16,1
3826,6,1
3826,16,1
3827,5,1
3827,8,1
3828,1,1
3828,5,1
3829,5,1
3830,5,1
3830,8,1
3831,5,1
3831,8,1
3832,8,1
3833,8,1
3834,8,1
3835,5,1
3836,6,1
3837,8,1
3838,11,1
3839,5,1
3839,14,1
3840,8,1
3840,12,1
3841,5,1
3842,5,1
3842,8,1
3843,7,1
3844,8,1
3845,8,1
3846,8,1
3847,11,1
3848,11,1
3849,11,1
3850,8,1
3850,9,1
3851,5,1
3852,5,1
3853,11,1
3853,15,1
3854,5,1
3855,5,1
3856,2,1
3856,15,1
3857,2,1
3857,15,1
3858,5,1
3858,11,1
3859,5,1
3860,11,1
3861,11,1
3861,15,1
3862,11,1
3862,15,1
3863,11,1
3863,15,1
3864,15,1
3865,11,1
3866,8,1
3866,16,1
3867,15,1
3867,16,1
3868,11,1
3869,11,1
3870,11,1
3871,11,1
3872,11,1
3873,5,1
3874,5,1
3874,8,1
3875,2,1
3875,3,1
3875,4,1
3876,1,1
3876,8,1
3876,16,1
3877,16,1
3878,5,1
3879,8,1
3880,8,1
3881,8,1
3882,8,1
3882,16,1
