0,2,1
0,3,1
0,4,1
0,18,1
1,1,1
1,3,1
1,8,1
1,18,1
2,4,1
2,13,1
2,18,1
3,4,1
3,7,1
3,18,1
4,4,1
4,18,1
5,0,1
5,5,1
5,15,1
5,18,1
6,4,1
6,13,1
6,18,1
7,1,1
7,3,1
7,18,1
8,0,1
8,18,1
9,0,1
9,1,1
9,15,1
9,18,1
10,4,1
10,7,1
10,13,1
10,18,1
11,4,1
11,10,1
11,18,1
12,2,1
12,3,1
12,18,1
13,7,1
13,18,1
14,0,1
14,1,1
14,13,1
14,18,1
15,7,1
15,15,1
15,18,1
16,7,1
16,13,1
16,18,1
17,15,1
17,18,1
18,4,1
18,18,1
19,0,1
19,18,1
20,0,1
20,4,1
20,7,1
20,18,1
21,5,1
21,7,1
21,15,1
21,18,1
22,15,1
22,18,1
23,7,1
23,14,1
23,18,1
24,7,1
24,13,1
24,18,1
25,7,1
25,18,1
26,7,1
26,18,1
27,13,1
27,18,1
28,1,1
28,14,1
28,18,1
29,7,1
29,18,1
30,7,1
30,18,1
31,7,1
31,14,1
31,18,1
32,1,1
32,13,1
32,18,1
33,3,1
33,4,1
33,7,1
33,18,1
34,7,1
34,13,1
34,18,1
35,7,1
35,18,1
36,6,1
36,18,1
37,4,1
37,18,1
38,4,1
38,13,1
38,18,1
39,7,1
39,18,1
40,7,1
40,16,1
40,18,1
41,0,1
41,5,1
41,7,1
41,18,1
42,7,1
42,18,1
43,0,1
43,1,1
43,18,1
44,4,1
44,7,1
44,18,1
45,7,1
45,13,1
45,18,1
46,5,1
46,15,1
46,18,1
47,2,1
47,3,1
47,11,1
47,13,1
47,18,1
48,7,1
48,13,1
48,18,1
49,5,1
49,15,1
49,18,1
50,0,1
50,7,1
50,15,1
50,19,1
51,4,1
51,18,1
52,7,1
52,19,1
53,3,1
53,4,1
53,18,1
54,7,1
54,18,1
55,1,1
55,3,1
55,8,1
55,18,1
56,7,1
56,18,1
57,7,1
57,13,1
57,19,1
58,7,1
58,12,1
58,18,1
59,1,1
59,3,1
59,8,1
59,18,1
60,7,1
60,15,1
60,20,1
61,7,1
61,18,1
62,4,1
62,20,1
63,4,1
63,13,1
63,20,1
64,4,1
64,20,1
65,14,1
65,15,1
65,20,1
66,7,1
66,18,1
67,4,1
67,13,1
67,18,1
68,4,1
68,18,1
69,0,1
69,4,1
69,5,1
69,10,1
69,15,1
69,20,1
70,0,1
70,18,1
71,4,1
71,7,1
71,18,1
72,7,1
72,11,1
72,18,1
73,7,1
73,13,1
73,20,1
74,4,1
74,7,1
74,20,1
75,14,1
75,15,1
75,18,1
76,6,1
76,18,1
77,7,1
77,18,1
78,7,1
78,15,1
78,20,1
79,7,1
79,18,1
80,5,1
80,7,1
80,13,1
80,18,1
81,7,1
81,18,1
82,7,1
82,18,1
83,4,1
83,7,1
83,18,1
84,7,1
84,13,1
84,18,1
85,1,1
85,7,1
85,20,1
86,3,1
86,4,1
86,20,1
87,4,1
87,20,1
88,0,1
88,15,1
88,18,1
89,7,1
89,18,1
90,7,1
90,15,1
90,20,1
91,4,1
91,13,1
91,18,1
92,7,1
92,20,1
93,0,1
93,15,1
93,20,1
94,4,1
94,18,1
95,7,1
95,18,1
96,0,1
96,15,1
96,19,1
97,6,1
97,18,1
98,7,1
98,15,1
98,20,1
99,4,1
99,20,1
100,4,1
100,20,1
101,15,1
101,20,1
102,4,1
102,20,1
103,7,1
103,13,1
103,18,1
104,4,1
104,7,1
104,19,1
105,1,1
105,3,1
105,4,1
105,11,1
105,20,1
106,6,1
106,18,1
107,4,1
107,18,1
108,0,1
108,7,1
108,16,1
108,18,1
109,7,1
109,15,1
109,21,1
110,0,1
110,1,1
110,5,1
110,18,1
111,7,1
111,12,1
111,20,1
112,7,1
112,18,1
113,4,1
113,18,1
114,6,1
114,18,1
115,5,1
115,18,1
116,4,1
116,13,1
116,20,1
117,4,1
117,18,1
118,7,1
118,20,1
119,7,1
119,22,1
120,4,1
120,13,1
120,23,1
121,7,1
121,12,1
121,13,1
121,19,1
122,7,1
122,18,1
123,4,1
123,20,1
124,1,1
124,3,1
124,8,1
124,19,1
125,7,1
125,19,1
126,6,1
126,19,1
127,4,1
127,13,1
127,18,1
128,7,1
128,18,1
129,7,1
129,13,1
129,18,1
130,15,1
130,18,1
131,4,1
131,7,1
131,18,1
132,6,1
132,18,1
133,4,1
133,20,1
134,6,1
134,18,1
135,6,1
135,18,1
136,7,1
136,18,1
137,0,1
137,7,1
137,18,1
138,7,1
138,13,1
138,20,1
139,4,1
139,20,1
140,7,1
140,24,1
141,7,1
141,18,1
142,4,1
142,18,1
143,0,1
143,18,1
144,1,1
144,3,1
144,18,1
145,7,1
145,18,1
146,7,1
146,18,1
147,5,1
147,7,1
147,15,1
147,19,1
148,7,1
148,18,1
149,7,1
149,13,1
149,16,1
149,18,1
150,10,1
150,18,1
151,0,1
151,1,1
151,4,1
151,5,1
151,18,1
152,7,1
152,25,1
153,7,1
153,16,1
153,18,1
154,4,1
154,18,1
155,4,1
155,16,1
155,19,1
156,1,1
156,3,1
156,18,1
157,7,1
157,18,1
158,0,1
158,1,1
158,12,1
158,14,1
158,18,1
159,7,1
159,15,1
159,16,1
159,18,1
160,6,1
160,19,1
161,0,1
161,13,1
161,15,1
161,18,1
162,5,1
162,9,1
162,12,1
162,15,1
162,18,1
163,0,1
163,15,1
163,18,1
164,4,1
164,7,1
164,18,1
165,7,1
165,18,1
166,0,1
166,1,1
166,7,1
166,13,1
166,18,1
167,1,1
167,3,1
167,7,1
167,18,1
168,0,1
168,5,1
168,15,1
168,18,1
169,4,1
169,18,1
170,0,1
170,14,1
170,15,1
170,18,1
171,0,1
171,1,1
171,14,1
171,18,1
172,4,1
172,18,1
173,7,1
173,18,1
174,4,1
174,18,1
175,10,1
175,18,1
176,4,1
176,22,1
177,7,1
177,13,1
177,18,1
178,4,1
178,18,1
179,0,1
179,3,1
179,18,1
180,7,1
180,13,1
180,18,1
181,15,1
181,19,1
182,7,1
182,19,1
183,14,1
183,15,1
183,18,1
184,4,1
184,18,1
185,4,1
185,18,1
186,10,1
186,18,1
187,4,1
187,18,1
188,15,1
188,18,1
189,7,1
189,18,1
190,6,1
190,18,1
191,7,1
191,18,1
192,7,1
192,18,1
193,4,1
193,7,1
193,13,1
193,18,1
194,10,1
194,14,1
194,18,1
195,7,1
195,18,1
196,0,1
196,5,1
196,14,1
196,18,1
197,7,1
197,11,1
197,26,1
198,15,1
198,18,1
199,7,1
199,18,1
200,7,1
200,13,1
200,18,1
201,4,1
201,18,1
202,0,1
202,18,1
203,4,1
203,7,1
203,18,1
204,6,1
204,18,1
205,7,1
205,13,1
205,18,1
206,0,1
206,1,1
206,18,1
207,7,1
207,18,1
208,17,1
208,18,1
209,7,1
209,19,1
210,4,1
210,18,1
211,7,1
211,19,1
212,7,1
212,19,1
213,7,1
213,13,1
213,18,1
214,4,1
214,18,1
215,7,1
215,15,1
215,18,1
216,4,1
216,7,1
216,18,1
217,7,1
217,18,1
218,10,1
218,18,1
219,7,1
219,13,1
219,18,1
220,4,1
220,19,1
221,4,1
221,7,1
221,13,1
221,18,1
222,7,1
222,15,1
222,19,1
223,15,1
223,18,1
224,0,1
224,19,1
225,4,1
225,18,1
226,7,1
226,15,1
226,19,1
227,7,1
227,15,1
227,19,1
228,4,1
228,19,1
229,4,1
229,7,1
229,19,1
230,7,1
230,19,1
231,4,1
231,19,1
232,4,1
232,7,1
232,19,1
233,4,1
233,13,1
233,18,1
234,4,1
234,13,1
234,18,1
235,1,1
235,3,1
235,18,1
236,2,1
236,3,1
236,4,1
236,13,1
236,18,1
237,15,1
237,18,1
238,3,1
238,7,1
238,18,1
239,7,1
239,11,1
239,19,1
240,4,1
240,18,1
241,2,1
241,3,1
241,18,1
242,5,1
242,7,1
242,19,1
243,6,1
243,19,1
244,7,1
244,8,1
244,13,1
244,15,1
244,19,1
245,4,1
245,19,1
246,7,1
246,13,1
246,19,1
247,3,1
247,4,1
247,19,1
248,0,1
248,18,1
249,4,1
249,13,1
249,19,1
250,7,1
250,10,1
250,19,1
251,7,1
251,18,1
252,4,1
252,19,1
253,4,1
253,14,1
253,19,1
254,12,1
254,15,1
254,18,1
255,1,1
255,3,1
255,4,1
255,8,1
255,13,1
255,18,1
256,5,1
256,7,1
256,15,1
256,18,1
257,0,1
257,1,1
257,8,1
257,14,1
257,27,1
258,7,1
258,19,1
259,3,1
259,7,1
259,18,1
260,7,1
260,19,1
261,7,1
261,19,1
262,7,1
262,13,1
262,23,1
263,7,1
263,13,1
263,16,1
263,17,1
263,19,1
264,4,1
264,19,1
265,7,1
265,19,1
266,7,1
266,22,1
267,7,1
267,13,1
267,19,1
268,7,1
268,18,1
269,7,1
269,19,1
270,7,1
270,10,1
270,19,1
271,4,1
271,18,1
272,4,1
272,19,1
273,4,1
273,13,1
273,19,1
274,7,1
274,19,1
275,4,1
275,18,1
276,7,1
276,18,1
277,7,1
277,15,1
277,18,1
278,7,1
278,19,1
279,7,1
279,19,1
280,5,1
280,7,1
280,18,1
281,0,1
281,5,1
281,20,1
282,7,1
282,10,1
282,22,1
283,0,1
283,14,1
283,15,1
283,18,1
284,4,1
284,13,1
284,19,1
285,0,1
285,15,1
285,19,1
286,4,1
286,13,1
286,19,1
287,5,1
287,7,1
287,19,1
288,15,1
288,18,1
289,0,1
289,7,1
289,15,1
289,18,1
290,5,1
290,7,1
290,13,1
290,15,1
290,19,1
291,4,1
291,13,1
291,18,1
292,4,1
292,13,1
292,18,1
293,5,1
293,7,1
293,19,1
294,7,1
294,18,1
295,4,1
295,23,1
296,7,1
296,19,1
297,7,1
297,19,1
298,7,1
298,13,1
298,18,1
299,7,1
299,13,1
299,19,1
300,0,1
300,1,1
300,17,1
300,18,1
301,4,1
301,7,1
301,18,1
302,4,1
302,19,1
303,7,1
303,19,1
304,7,1
304,22,1
305,7,1
305,19,1
306,7,1
306,19,1
307,4,1
307,18,1
308,10,1
308,15,1
308,19,1
309,4,1
309,18,1
310,2,1
310,3,1
310,19,1
311,7,1
311,19,1
312,0,1
312,19,1
313,0,1
313,1,1
313,14,1
313,19,1
314,3,1
314,4,1
314,8,1
314,19,1
315,7,1
315,19,1
316,15,1
316,19,1
317,9,1
317,15,1
317,22,1
318,7,1
318,22,1
319,4,1
319,7,1
319,18,1
320,4,1
320,19,1
321,4,1
321,18,1
322,7,1
322,19,1
323,0,1
323,4,1
323,11,1
323,14,1
323,18,1
324,10,1
324,18,1
325,0,1
325,1,1
325,14,1
325,19,1
326,4,1
326,10,1
326,18,1
327,7,1
327,19,1
328,10,1
328,14,1
328,18,1
329,4,1
329,18,1
330,7,1
330,19,1
331,12,1
331,15,1
331,18,1
332,7,1
332,16,1
332,18,1
333,7,1
333,22,1
334,14,1
334,15,1
334,18,1
335,4,1
335,13,1
335,18,1
336,1,1
336,7,1
336,19,1
337,7,1
337,19,1
338,4,1
338,13,1
338,19,1
339,3,1
339,18,1
340,4,1
340,19,1
341,4,1
341,7,1
341,19,1
342,7,1
342,11,1
342,22,1
343,7,1
343,23,1
344,4,1
344,19,1
345,0,1
345,1,1
345,15,1
345,19,1
346,7,1
346,12,1
346,15,1
346,19,1
347,4,1
347,7,1
347,13,1
347,19,1
348,4,1
348,19,1
349,0,1
349,13,1
349,15,1
349,19,1
350,7,1
350,19,1
351,3,1
351,4,1
351,19,1
352,4,1
352,13,1
352,16,1
352,19,1
353,4,1
353,13,1
353,19,1
354,7,1
354,18,1
355,4,1
355,7,1
355,13,1
355,19,1
356,0,1
356,4,1
356,19,1
357,7,1
357,13,1
357,19,1
358,1,1
358,3,1
358,13,1
358,19,1
359,6,1
359,22,1
360,2,1
360,3,1
360,11,1
360,19,1
361,7,1
361,22,1
362,10,1
362,19,1
363,4,1
363,5,1
363,8,1
363,19,1
364,0,1
364,4,1
364,17,1
364,19,1
365,7,1
365,19,1
366,4,1
366,19,1
367,4,1
367,7,1
367,19,1
368,4,1
368,7,1
368,19,1
369,15,1
369,23,1
370,3,1
370,4,1
370,19,1
371,7,1
371,19,1
372,0,1
372,15,1
372,19,1
373,0,1
373,13,1
373,15,1
373,19,1
374,4,1
374,13,1
374,19,1
375,0,1
375,14,1
375,19,1
376,0,1
376,1,1
376,4,1
376,13,1
376,19,1
377,7,1
377,19,1
378,7,1
378,10,1
378,19,1
379,17,1
379,19,1
380,0,1
380,18,1
381,7,1
381,19,1
382,7,1
382,19,1
383,0,1
383,4,1
383,19,1
384,7,1
384,18,1
385,7,1
385,13,1
385,16,1
385,19,1
386,0,1
386,4,1
386,7,1
386,28,1
387,5,1
387,7,1
387,19,1
388,1,1
388,3,1
388,22,1
389,0,1
389,19,1
390,0,1
390,18,1
391,7,1
391,18,1
392,7,1
392,18,1
393,10,1
393,18,1
394,6,1
394,18,1
395,7,1
395,18,1
396,7,1
396,18,1
397,0,1
397,15,1
397,18,1
398,4,1
398,20,1
399,4,1
399,5,1
399,7,1
399,18,1
400,6,1
400,19,1
401,0,1
401,14,1
401,19,1
402,7,1
402,19,1
403,10,1
403,15,1
403,18,1
404,7,1
404,19,1
405,7,1
405,19,1
406,4,1
406,22,1
407,4,1
407,19,1
408,7,1
408,22,1
409,4,1
409,19,1
410,4,1
410,19,1
411,4,1
411,15,1
411,22,1
412,17,1
412,19,1
413,4,1
413,13,1
413,19,1
414,7,1
414,22,1
415,4,1
415,22,1
416,0,1
416,4,1
416,19,1
417,1,1
417,3,1
417,19,1
418,15,1
418,19,1
419,0,1
419,15,1
419,19,1
420,7,1
420,19,1
421,7,1
421,13,1
421,19,1
422,10,1
422,14,1
422,15,1
422,22,1
423,12,1
423,13,1
423,15,1
423,22,1
424,7,1
424,22,1
425,4,1
425,19,1
426,7,1
426,22,1
427,5,1
427,7,1
427,22,1
428,4,1
428,17,1
428,19,1
429,4,1
429,19,1
430,0,1
430,1,1
430,5,1
430,22,1
431,4,1
431,14,1
431,22,1
432,7,1
432,15,1
432,19,1
433,4,1
433,19,1
434,0,1
434,4,1
434,19,1
435,7,1
435,22,1
436,4,1
436,13,1
436,22,1
437,4,1
437,22,1
438,0,1
438,14,1
438,22,1
439,6,1
439,19,1
440,4,1
440,13,1
440,22,1
441,4,1
441,22,1
442,7,1
442,13,1
442,22,1
443,4,1
443,13,1
443,19,1
444,7,1
444,22,1
445,4,1
445,22,1
446,4,1
446,7,1
446,19,1
447,7,1
447,12,1
447,13,1
447,22,1
448,7,1
448,19,1
449,4,1
449,22,1
450,7,1
450,15,1
450,22,1
451,1,1
451,3,1
451,7,1
451,22,1
452,7,1
452,19,1
453,0,1
453,15,1
453,22,1
454,7,1
454,17,1
454,22,1
455,0,1
455,19,1
456,4,1
456,19,1
457,7,1
457,13,1
457,19,1
458,0,1
458,1,1
458,19,1
459,5,1
459,7,1
459,15,1
459,22,1
460,0,1
460,1,1
460,5,1
460,15,1
460,22,1
461,0,1
461,7,1
461,16,1
461,22,1
462,0,1
462,4,1
462,16,1
462,22,1
463,4,1
463,18,1
464,4,1
464,13,1
464,18,1
465,7,1
465,13,1
465,22,1
466,4,1
466,19,1
467,4,1
467,13,1
467,19,1
468,4,1
468,7,1
468,19,1
469,4,1
469,16,1
469,19,1
470,0,1
470,15,1
470,22,1
471,7,1
471,22,1
472,4,1
472,7,1
472,19,1
473,7,1
473,22,1
474,4,1
474,19,1
475,0,1
475,22,1
476,0,1
476,1,1
476,14,1
476,22,1
477,7,1
477,15,1
477,22,1
478,15,1
478,19,1
479,7,1
479,22,1
480,1,1
480,3,1
480,19,1
481,0,1
481,4,1
481,22,1
482,4,1
482,22,1
483,4,1
483,17,1
483,19,1
484,7,1
484,22,1
485,4,1
485,22,1
486,15,1
486,22,1
487,7,1
487,22,1
488,4,1
488,12,1
488,22,1
489,0,1
489,5,1
489,7,1
489,22,1
490,0,1
490,15,1
490,20,1
491,7,1
491,21,1
492,4,1
492,7,1
492,13,1
492,19,1
493,4,1
493,13,1
493,22,1
494,7,1
494,13,1
494,22,1
495,4,1
495,13,1
495,22,1
496,4,1
496,22,1
497,7,1
497,22,1
498,0,1
498,3,1
498,19,1
499,7,1
499,19,1
500,0,1
500,14,1
500,19,1
501,4,1
501,19,1
502,7,1
502,22,1
503,0,1
503,7,1
503,22,1
504,7,1
504,22,1
505,7,1
505,13,1
505,22,1
506,7,1
506,22,1
507,0,1
507,7,1
507,22,1
508,10,1
508,14,1
508,19,1
509,4,1
509,12,1
509,13,1
509,19,1
510,4,1
510,19,1
511,7,1
511,22,1
512,4,1
512,7,1
512,16,1
512,19,1
513,0,1
513,7,1
513,12,1
513,22,1
514,4,1
514,19,1
515,14,1
515,15,1
515,22,1
516,4,1
516,22,1
517,5,1
517,15,1
517,22,1
518,0,1
518,7,1
518,23,1
519,7,1
519,22,1
520,7,1
520,22,1
521,7,1
521,22,1
522,7,1
522,23,1
523,7,1
523,16,1
523,22,1
524,7,1
524,19,1
525,7,1
525,22,1
526,7,1
526,19,1
527,3,1
527,7,1
527,22,1
528,4,1
528,5,1
528,10,1
528,19,1
529,0,1
529,19,1
530,7,1
530,13,1
530,22,1
531,7,1
531,22,1
532,7,1
532,19,1
533,4,1
533,7,1
533,19,1
534,7,1
534,22,1
535,4,1
535,13,1
535,22,1
536,15,1
536,22,1
537,9,1
537,14,1
537,29,1
538,4,1
538,22,1
539,4,1
539,13,1
539,15,1
539,22,1
540,0,1
540,22,1
541,7,1
541,22,1
542,0,1
542,1,1
542,3,1
542,14,1
542,22,1
543,0,1
543,1,1
543,15,1
543,19,1
544,0,1
544,19,1
545,6,1
545,22,1
546,4,1
546,13,1
546,19,1
547,3,1
547,4,1
547,11,1
547,22,1
548,0,1
548,1,1
548,4,1
548,22,1
549,17,1
549,22,1
550,15,1
550,19,1
551,0,1
551,5,1
551,13,1
551,22,1
552,6,1
552,22,1
553,7,1
553,30,1
554,0,1
554,1,1
554,2,1
554,3,1
554,8,1
554,19,1
555,4,1
555,22,1
556,7,1
556,19,1
557,15,1
557,19,1
558,4,1
558,7,1
558,18,1
559,7,1
559,22,1
560,4,1
560,19,1
561,10,1
561,23,1
562,4,1
562,13,1
562,19,1
563,7,1
563,22,1
564,4,1
564,7,1
564,22,1
565,3,1
565,4,1
565,19,1
566,4,1
566,7,1
566,22,1
567,7,1
567,19,1
568,7,1
568,19,1
569,7,1
569,22,1
570,4,1
570,7,1
570,19,1
571,3,1
571,4,1
571,19,1
572,4,1
572,22,1
573,1,1
573,3,1
573,19,1
574,7,1
574,12,1
574,22,1
575,15,1
575,22,1
576,7,1
576,19,1
577,6,1
577,18,1
578,4,1
578,22,1
579,4,1
579,7,1
579,19,1
580,7,1
580,22,1
581,4,1
581,18,1
582,3,1
582,4,1
582,31,1
583,4,1
583,13,1
583,15,1
583,31,1
584,2,1
584,3,1
584,4,1
584,11,1
584,23,1
585,0,1
585,14,1
585,15,1
585,32,1
586,1,1
586,7,1
586,17,1
586,31,1
587,0,1
587,7,1
587,15,1
587,18,1
588,0,1
588,1,1
588,5,1
588,7,1
588,33,1
589,7,1
589,15,1
589,32,1
590,2,1
590,3,1
590,11,1
590,34,1
591,2,1
591,3,1
591,11,1
591,32,1
592,2,1
592,3,1
592,35,1
593,4,1
593,13,1
593,31,1
594,4,1
594,19,1
595,17,1
595,36,1
596,15,1
596,19,1
597,7,1
597,19,1
598,6,1
598,19,1
599,4,1
599,18,1
600,6,1
600,20,1
601,7,1
601,13,1
601,20,1
602,10,1
602,18,1
603,7,1
603,22,1
604,5,1
604,7,1
604,15,1
604,20,1
605,1,1
605,3,1
605,20,1
606,0,1
606,1,1
606,2,1
606,10,1
606,14,1
606,37,1
607,0,1
607,10,1
607,14,1
607,20,1
608,4,1
608,20,1
609,7,1
609,13,1
609,20,1
610,7,1
610,15,1
610,19,1
611,7,1
611,38,1
612,2,1
612,3,1
612,39,1
613,7,1
613,18,1
614,4,1
614,13,1
614,20,1
615,4,1
615,20,1
616,7,1
616,32,1
617,7,1
617,22,1
618,13,1
618,18,1
619,0,1
619,7,1
619,15,1
619,18,1
620,7,1
620,31,1
621,4,1
621,20,1
622,7,1
622,15,1
622,18,1
623,7,1
623,15,1
623,20,1
624,7,1
624,18,1
625,7,1
625,13,1
625,20,1
626,2,1
626,3,1
626,11,1
626,20,1
627,16,1
627,18,1
628,4,1
628,18,1
629,4,1
629,18,1
630,4,1
630,7,1
630,20,1
631,7,1
631,18,1
632,4,1
632,20,1
633,13,1
633,18,1
634,4,1
634,20,1
635,7,1
635,15,1
635,20,1
636,4,1
636,19,1
637,7,1
637,18,1
638,4,1
638,20,1
639,4,1
639,20,1
640,7,1
640,18,1
641,7,1
641,16,1
641,20,1
642,0,1
642,1,1
642,12,1
642,20,1
643,4,1
643,7,1
643,19,1
644,7,1
644,20,1
645,4,1
645,20,1
646,12,1
646,18,1
647,0,1
647,1,1
647,8,1
647,20,1
648,7,1
648,13,1
648,20,1
649,4,1
649,18,1
650,4,1
650,20,1
651,4,1
651,7,1
651,19,1
652,7,1
652,18,1
653,5,1
653,15,1
653,40,1
654,7,1
654,20,1
655,2,1
655,3,1
655,11,1
655,20,1
656,15,1
656,20,1
657,4,1
657,20,1
658,4,1
658,20,1
659,16,1
659,18,1
660,7,1
660,20,1
661,0,1
661,18,1
662,7,1
662,41,1
663,7,1
663,42,1
664,7,1
664,43,1
665,4,1
665,14,1
665,20,1
666,7,1
666,18,1
667,1,1
667,2,1
667,3,1
667,4,1
667,8,1
667,20,1
668,1,1
668,14,1
668,44,1
669,0,1
669,7,1
669,15,1
669,19,1
670,7,1
670,20,1
671,7,1
671,15,1
671,22,1
672,7,1
672,18,1
673,14,1
673,28,1
674,5,1
674,37,1
675,6,1
675,7,1
675,19,1
676,6,1
676,22,1
677,7,1
677,45,1
678,7,1
678,18,1
679,7,1
679,13,1
679,19,1
680,0,1
680,1,1
680,4,1
680,16,1
680,18,1
681,13,1
681,19,1
682,4,1
682,13,1
682,20,1
683,0,1
683,14,1
683,15,1
683,20,1
684,7,1
684,19,1
685,0,1
685,20,1
686,12,1
686,15,1
686,18,1
687,15,1
687,18,1
688,7,1
688,13,1
688,20,1
689,7,1
689,19,1
690,7,1
690,32,1
691,4,1
691,18,1
692,7,1
692,23,1
693,7,1
693,44,1
694,7,1
694,20,1
695,0,1
695,1,1
695,20,1
696,4,1
696,20,1
697,7,1
697,20,1
698,5,1
698,9,1
698,15,1
698,20,1
699,4,1
699,13,1
699,20,1
700,2,1
700,3,1
700,24,1
701,4,1
701,20,1
702,1,1
702,3,1
702,20,1
703,7,1
703,19,1
704,7,1
704,19,1
705,17,1
705,18,1
706,7,1
706,18,1
707,5,1
707,46,1
708,4,1
708,18,1
709,4,1
709,14,1
709,22,1
710,4,1
710,20,1
711,2,1
711,20,1
712,7,1
712,18,1
713,6,1
713,18,1
714,7,1
714,47,1
715,7,1
715,10,1
715,20,1
716,4,1
716,20,1
717,7,1
717,20,1
718,6,1
718,18,1
719,4,1
719,18,1
720,7,1
720,18,1
721,7,1
721,19,1
722,12,1
722,15,1
722,20,1
723,5,1
723,20,1
724,0,1
724,1,1
724,15,1
724,20,1
725,4,1
725,20,1
726,4,1
726,10,1
726,19,1
727,0,1
727,1,1
727,13,1
727,15,1
727,20,1
728,0,1
728,14,1
728,20,1
729,7,1
729,18,1
730,4,1
730,20,1
731,2,1
731,14,1
731,18,1
732,10,1
732,15,1
732,20,1
733,4,1
733,20,1
734,7,1
734,18,1
735,2,1
735,4,1
735,15,1
735,18,1
736,9,1
736,48,1
737,4,1
737,20,1
738,0,1
738,14,1
738,15,1
738,20,1
739,7,1
739,49,1
740,14,1
740,16,1
740,50,1
741,4,1
741,23,1
742,4,1
742,13,1
742,23,1
743,4,1
743,7,1
743,18,1
744,1,1
744,3,1
744,18,1
745,3,1
745,7,1
745,51,1
746,6,1
746,19,1
747,7,1
747,19,1
748,7,1
748,23,1
749,6,1
749,19,1
750,16,1
750,22,1
751,1,1
751,20,1
752,4,1
752,5,1
752,20,1
753,7,1
753,20,1
754,7,1
754,13,1
754,18,1
755,4,1
755,7,1
755,20,1
756,7,1
756,20,1
757,7,1
757,18,1
758,7,1
758,18,1
759,6,1
759,20,1
760,7,1
760,52,1
761,4,1
761,7,1
761,53,1
762,4,1
762,23,1
763,7,1
763,38,1
764,7,1
764,29,1
765,10,1
765,44,1
766,4,1
766,7,1
766,19,1
767,16,1
767,18,1
768,7,1
768,20,1
769,7,1
769,13,1
769,54,1
770,0,1
770,14,1
770,16,1
770,20,1
771,7,1
771,20,1
772,15,1
772,20,1
773,2,1
773,3,1
773,11,1
773,20,1
774,4,1
774,20,1
775,4,1
775,20,1
776,0,1
776,15,1
776,20,1
777,6,1
777,18,1
778,4,1
778,8,1
778,13,1
778,14,1
778,20,1
779,7,1
779,31,1
780,7,1
780,19,1
781,6,1
781,18,1
782,8,1
782,53,1
783,7,1
783,22,1
784,4,1
784,7,1
784,19,1
785,7,1
785,19,1
786,7,1
786,55,1
787,4,1
787,32,1
788,0,1
788,1,1
788,15,1
788,20,1
789,4,1
789,10,1
789,20,1
790,7,1
790,12,1
790,20,1
791,3,1
791,4,1
791,20,1
792,7,1
792,13,1
792,20,1
793,13,1
793,20,1
794,4,1
794,13,1
794,20,1
795,7,1
795,20,1
796,7,1
796,20,1
797,4,1
797,13,1
797,18,1
798,1,1
798,3,1
798,20,1
799,0,1
799,1,1
799,20,1
800,3,1
800,4,1
800,8,1
800,20,1
801,4,1
801,19,1
802,7,1
802,19,1
803,4,1
803,20,1
804,7,1
804,18,1
805,0,1
805,12,1
805,15,1
805,18,1
806,7,1
806,18,1
807,4,1
807,20,1
808,4,1
808,7,1
808,22,1
809,7,1
809,42,1
810,13,1
810,18,1
811,7,1
811,23,1
812,7,1
812,25,1
813,7,1
813,22,1
814,4,1
814,13,1
814,20,1
815,7,1
815,18,1
816,7,1
816,18,1
817,1,1
817,3,1
817,20,1
818,4,1
818,11,1
818,20,1
819,4,1
819,20,1
820,7,1
820,18,1
821,7,1
821,15,1
821,20,1
822,4,1
822,20,1
823,4,1
823,20,1
824,7,1
824,20,1
825,0,1
825,1,1
825,15,1
825,20,1
826,3,1
826,4,1
826,20,1
827,4,1
827,7,1
827,13,1
827,20,1
828,0,1
828,15,1
828,20,1
829,4,1
829,20,1
830,10,1
830,43,1
831,10,1
831,20,1
832,7,1
832,18,1
833,7,1
833,22,1
834,7,1
834,19,1
835,7,1
835,18,1
836,4,1
836,7,1
836,20,1
837,7,1
837,20,1
838,0,1
838,1,1
838,14,1
838,15,1
838,20,1
839,5,1
839,7,1
839,18,1
840,7,1
840,20,1
841,4,1
841,13,1
841,20,1
842,7,1
842,23,1
843,7,1
843,56,1
844,7,1
844,31,1
845,4,1
845,22,1
846,7,1
846,57,1
847,0,1
847,5,1
847,7,1
847,58,1
848,6,1
848,20,1
849,4,1
849,19,1
850,0,1
850,15,1
850,23,1
851,7,1
851,20,1
852,4,1
852,19,1
853,4,1
853,7,1
853,18,1
854,7,1
854,18,1
855,5,1
855,7,1
855,13,1
855,15,1
855,20,1
856,4,1
856,5,1
856,20,1
857,4,1
857,32,1
858,5,1
858,20,1
859,4,1
859,54,1
860,4,1
860,20,1
861,7,1
861,19,1
862,7,1
862,21,1
863,5,1
863,7,1
863,18,1
864,7,1
864,19,1
865,0,1
865,22,1
866,7,1
866,20,1
867,7,1
867,18,1
868,10,1
868,54,1
869,14,1
869,15,1
869,20,1
870,3,1
870,4,1
870,20,1
871,7,1
871,15,1
871,20,1
872,7,1
872,18,1
873,3,1
873,7,1
873,8,1
873,20,1
874,0,1
874,20,1
875,7,1
875,59,1
876,2,1
876,3,1
876,18,1
877,13,1
877,19,1
878,15,1
878,24,1
879,10,1
879,15,1
879,18,1
880,4,1
880,7,1
880,13,1
880,20,1
881,7,1
881,20,1
882,13,1
882,60,1
883,7,1
883,23,1
884,7,1
884,19,1
885,1,1
885,16,1
885,49,1
886,4,1
886,13,1
886,35,1
887,11,1
887,13,1
887,61,1
888,11,1
888,13,1
888,62,1
889,4,1
889,11,1
889,63,1
890,7,1
890,13,1
890,64,1
891,12,1
891,15,1
891,56,1
892,12,1
892,15,1
892,65,1
893,4,1
893,66,1
894,12,1
894,15,1
894,67,1
895,4,1
895,11,1
895,13,1
895,66,1
896,7,1
896,15,1
896,43,1
897,4,1
897,7,1
897,40,1
898,4,1
898,5,1
898,43,1
899,4,1
899,12,1
899,13,1
899,15,1
899,50,1
900,7,1
900,13,1
900,16,1
900,68,1
901,9,1
901,12,1
901,69,1
902,11,1
902,13,1
902,26,1
903,4,1
903,13,1
903,65,1
904,4,1
904,13,1
904,70,1
905,3,1
905,7,1
905,71,1
906,11,1
906,67,1
907,1,1
907,3,1
907,7,1
907,11,1
907,71,1
908,7,1
908,13,1
908,16,1
908,71,1
909,4,1
909,29,1
910,9,1
910,51,1
911,7,1
911,69,1
912,7,1
912,12,1
912,14,1
912,15,1
912,44,1
913,1,1
913,13,1
913,72,1
914,7,1
914,51,1
915,4,1
915,71,1
916,13,1
916,15,1
916,35,1
917,15,1
917,35,1
918,9,1
918,13,1
918,15,1
918,52,1
919,12,1
919,13,1
919,15,1
919,73,1
920,13,1
920,63,1
921,4,1
921,13,1
921,15,1
921,41,1
922,4,1
922,51,1
923,4,1
923,11,1
923,70,1
924,4,1
924,13,1
924,71,1
925,4,1
925,13,1
925,63,1
926,11,1
926,56,1
927,4,1
927,7,1
927,56,1
928,0,1
928,1,1
928,74,1
929,1,1
929,35,1
930,5,1
930,9,1
930,12,1
930,67,1
931,7,1
931,13,1
931,72,1
932,7,1
932,34,1
933,4,1
933,11,1
933,13,1
933,75,1
934,4,1
934,7,1
934,16,1
934,68,1
935,4,1
935,76,1
936,7,1
936,42,1
937,7,1
937,41,1
938,12,1
938,66,1
939,4,1
939,35,1
940,1,1
940,4,1
940,42,1
941,7,1
941,52,1
942,7,1
942,71,1
943,4,1
943,74,1
944,7,1
944,13,1
944,69,1
945,7,1
945,77,1
946,4,1
946,12,1
946,49,1
947,7,1
947,66,1
948,5,1
948,7,1
948,52,1
949,7,1
949,76,1
950,5,1
950,7,1
950,71,1
951,11,1
951,57,1
952,17,1
952,72,1
953,15,1
953,75,1
954,7,1
954,73,1
955,17,1
955,49,1
956,10,1
956,14,1
956,44,1
957,0,1
957,1,1
957,13,1
957,16,1
957,62,1
958,4,1
958,7,1
958,65,1
959,7,1
959,56,1
960,7,1
960,65,1
961,7,1
961,69,1
962,7,1
962,13,1
962,74,1
963,4,1
963,11,1
963,34,1
964,13,1
964,16,1
964,78,1
965,12,1
965,76,1
966,7,1
966,79,1
967,7,1
967,16,1
967,18,1
968,0,1
968,53,1
969,7,1
969,54,1
970,7,1
970,41,1
971,13,1
971,18,1
972,4,1
972,7,1
972,20,1
973,6,1
973,20,1
974,1,1
974,3,1
974,20,1
975,7,1
975,13,1
975,54,1
976,4,1
976,7,1
976,20,1
977,7,1
977,18,1
978,0,1
978,1,1
978,15,1
978,20,1
979,7,1
979,16,1
979,20,1
980,15,1
980,20,1
981,7,1
981,20,1
982,7,1
982,20,1
983,0,1
983,7,1
983,17,1
983,20,1
984,7,1
984,15,1
984,20,1
985,0,1
985,5,1
985,20,1
986,5,1
986,20,1
987,5,1
987,20,1
988,4,1
988,29,1
989,4,1
989,20,1
990,7,1
990,15,1
990,20,1
991,0,1
991,15,1
991,20,1
992,3,1
992,4,1
992,20,1
993,7,1
993,20,1
994,3,1
994,4,1
994,17,1
994,46,1
995,17,1
995,41,1
996,1,1
996,3,1
996,8,1
996,46,1
997,3,1
997,4,1
997,36,1
998,1,1
998,3,1
998,4,1
998,55,1
999,3,1
999,7,1
999,63,1
1000,3,1
1000,7,1
1000,64,1
1001,3,1
1001,4,1
1001,7,1
1001,40,1
1002,1,1
1002,3,1
1002,22,1
1003,3,1
1003,4,1
1003,43,1
1004,1,1
1004,3,1
1004,40,1
1005,3,1
1005,4,1
1005,12,1
1005,28,1
1006,1,1
1006,3,1
1006,8,1
1006,14,1
1006,65,1
1007,4,1
1007,22,1
1008,3,1
1008,4,1
1008,19,1
1009,2,1
1009,3,1
1009,11,1
1009,51,1
1010,2,1
1010,3,1
1010,44,1
1011,2,1
1011,3,1
1011,11,1
1011,73,1
1012,2,1
1012,3,1
1012,50,1
1013,3,1
1013,7,1
1013,57,1
1014,7,1
1014,32,1
1015,3,1
1015,4,1
1015,11,1
1015,26,1
1016,2,1
1016,3,1
1016,11,1
1016,69,1
1017,1,1
1017,2,1
1017,3,1
1017,11,1
1017,27,1
1018,1,1
1018,3,1
1018,11,1
1018,80,1
1019,2,1
1019,3,1
1019,11,1
1019,62,1
1020,2,1
1020,3,1
1020,37,1
1021,5,1
1021,20,1
1022,11,1
1022,28,1
1023,0,1
1023,15,1
1023,24,1
1024,0,1
1024,14,1
1024,15,1
1024,23,1
1025,7,1
1025,20,1
1026,6,1
1026,18,1
1027,7,1
1027,20,1
1028,7,1
1028,20,1
1029,4,1
1029,20,1
1030,7,1
1030,13,1
1030,20,1
1031,7,1
1031,20,1
1032,4,1
1032,7,1
1032,20,1
1033,7,1
1033,13,1
1033,20,1
1034,0,1
1034,15,1
1034,20,1
1035,0,1
1035,1,1
1035,20,1
1036,6,1
1036,7,1
1036,20,1
1037,7,1
1037,20,1
1038,7,1
1038,20,1
1039,5,1
1039,7,1
1039,20,1
1040,7,1
1040,20,1
1041,15,1
1041,54,1
1042,7,1
1042,20,1
1043,4,1
1043,11,1
1043,13,1
1043,20,1
1044,7,1
1044,20,1
1045,7,1
1045,13,1
1045,20,1
1046,4,1
1046,7,1
1046,20,1
1047,5,1
1047,7,1
1047,20,1
1048,7,1
1048,20,1
1049,7,1
1049,20,1
1050,2,1
1050,3,1
1050,4,1
1050,20,1
1051,12,1
1051,51,1
1052,4,1
1052,11,1
1052,13,1
1052,34,1
1053,4,1
1053,11,1
1053,13,1
1053,34,1
1054,5,1
1054,9,1
1054,72,1
1055,9,1
1055,15,1
1055,67,1
1056,1,1
1056,61,1
1057,13,1
1057,16,1
1057,19,1
1058,1,1
1058,3,1
1058,4,1
1058,8,1
1058,80,1
1059,4,1
1059,19,1
1060,15,1
1060,64,1
1061,4,1
1061,14,1
1061,38,1
1062,4,1
1062,16,1
1062,80,1
1063,4,1
1063,24,1
1064,4,1
1064,81,1
1065,4,1
1065,11,1
1065,29,1
1066,7,1
1066,58,1
1067,4,1
1067,11,1
1067,28,1
1068,5,1
1068,7,1
1068,25,1
1069,1,1
1069,7,1
1069,56,1
1070,12,1
1070,15,1
1070,65,1
1071,11,1
1071,18,1
1072,11,1
1072,13,1
1072,53,1
1073,5,1
1073,15,1
1073,23,1
1074,7,1
1074,16,1
1074,47,1
1075,4,1
1075,33,1
1076,12,1
1076,15,1
1076,23,1
1077,7,1
1077,11,1
1077,32,1
1078,7,1
1078,13,1
1078,16,1
1078,23,1
1079,7,1
1079,23,1
1080,7,1
1080,29,1
1081,3,1
1081,7,1
1081,8,1
1081,14,1
1081,29,1
1082,4,1
1082,20,1
1083,7,1
1083,74,1
1084,0,1
1084,13,1
1084,31,1
1085,0,1
1085,13,1
1085,47,1
1086,0,1
1086,20,1
1087,7,1
1087,41,1
1088,7,1
1088,62,1
1089,10,1
1089,20,1
1090,6,1
1090,20,1
1091,4,1
1091,32,1
1092,6,1
1092,18,1
1093,7,1
1093,20,1
1094,0,1
1094,20,1
1095,6,1
1095,20,1
1096,0,1
1096,7,1
1096,20,1
1097,4,1
1097,20,1
1098,7,1
1098,20,1
1099,4,1
1099,7,1
1099,18,1
1100,7,1
1100,18,1
1101,7,1
1101,20,1
1102,1,1
1102,17,1
1102,18,1
1103,7,1
1103,54,1
1104,7,1
1104,20,1
1105,7,1
1105,20,1
1106,6,1
1106,18,1
1107,6,1
1107,20,1
1108,7,1
1108,37,1
1109,4,1
1109,55,1
1110,4,1
1110,8,1
1110,32,1
1111,0,1
1111,1,1
1111,14,1
1111,15,1
1111,33,1
1112,10,1
1112,45,1
1113,0,1
1113,1,1
1113,14,1
1113,15,1
1113,37,1
1114,10,1
1114,45,1
1115,7,1
1115,47,1
1116,7,1
1116,47,1
1117,4,1
1117,7,1
1117,19,1
1118,0,1
1118,7,1
1118,22,1
1119,4,1
1119,45,1
1120,4,1
1120,55,1
1121,13,1
1121,20,1
1122,6,1
1122,18,1
1123,7,1
1123,20,1
1124,7,1
1124,20,1
1125,7,1
1125,18,1
1126,7,1
1126,20,1
1127,4,1
1127,20,1
1128,6,1
1128,20,1
1129,6,1
1129,20,1
1130,4,1
1130,7,1
1130,18,1
1131,6,1
1131,20,1
1132,2,1
1132,4,1
1132,22,1
1133,6,1
1133,7,1
1133,19,1
1134,7,1
1134,29,1
1135,2,1
1135,4,1
1135,15,1
1135,19,1
1136,5,1
1136,9,1
1136,15,1
1136,48,1
1137,9,1
1137,48,1
1138,9,1
1138,72,1
1139,7,1
1139,47,1
1140,7,1
1140,68,1
1141,7,1
1141,52,1
1142,4,1
1142,75,1
1143,13,1
1143,75,1
1144,4,1
1144,66,1
1145,7,1
1145,81,1
1146,4,1
1146,58,1
1147,7,1
1147,19,1
1148,7,1
1148,82,1
1149,7,1
1149,15,1
1149,20,1
1150,4,1
1150,18,1
1151,4,1
1151,20,1
1152,10,1
1152,20,1
1153,6,1
1153,31,1
1154,0,1
1154,18,1
1155,4,1
1155,23,1
1156,4,1
1156,7,1
1156,13,1
1156,24,1
1157,7,1
1157,33,1
1158,4,1
1158,19,1
1159,4,1
1159,14,1
1159,32,1
1160,7,1
1160,32,1
1161,7,1
1161,32,1
1162,7,1
1162,16,1
1162,63,1
1163,5,1
1163,7,1
1163,9,1
1163,31,1
1164,4,1
1164,32,1
1165,0,1
1165,18,1
1166,7,1
1166,13,1
1166,16,1
1166,20,1
1167,4,1
1167,16,1
1167,32,1
1168,7,1
1168,33,1
1169,7,1
1169,33,1
1170,7,1
1170,23,1
1171,4,1
1171,13,1
1171,23,1
1172,6,1
1172,24,1
1173,7,1
1173,31,1
1174,6,1
1174,32,1
1175,6,1
1175,31,1
1176,7,1
1176,46,1
1177,4,1
1177,83,1
1178,0,1
1178,1,1
1178,7,1
1178,14,1
1178,16,1
1178,45,1
1179,0,1
1179,1,1
1179,4,1
1179,13,1
1179,53,1
1180,0,1
1180,1,1
1180,37,1
1181,14,1
1181,84,1
1182,0,1
1182,14,1
1182,15,1
1182,16,1
1182,47,1
1183,0,1
1183,17,1
1183,82,1
1184,4,1
1184,53,1
1185,7,1
1185,63,1
1186,1,1
1186,16,1
1186,30,1
1187,0,1
1187,2,1
1187,3,1
1187,14,1
1187,15,1
1187,16,1
1187,47,1
1188,14,1
1188,80,1
1189,7,1
1189,30,1
1190,7,1
1190,16,1
1190,81,1
1191,17,1
1191,36,1
1192,0,1
1192,1,1
1192,13,1
1192,14,1
1192,16,1
1192,85,1
1193,4,1
1193,7,1
1193,13,1
1193,53,1
1194,12,1
1194,15,1
1194,57,1
1195,5,1
1195,7,1
1195,31,1
1196,0,1
1196,10,1
1196,14,1
1196,15,1
1196,81,1
1197,0,1
1197,1,1
1197,4,1
1197,10,1
1197,14,1
1197,22,1
1198,1,1
1198,13,1
1198,24,1
1199,7,1
1199,16,1
1199,84,1
1200,0,1
1200,15,1
1200,33,1
1201,10,1
1201,15,1
1201,40,1
1202,0,1
1202,4,1
1202,11,1
1202,45,1
1203,0,1
1203,5,1
1203,7,1
1203,55,1
1204,0,1
1204,7,1
1204,16,1
1204,53,1
1205,2,1
1205,4,1
1205,23,1
1206,7,1
1206,16,1
1206,33,1
1207,7,1
1207,86,1
1208,4,1
1208,13,1
1208,61,1
1209,5,1
1209,7,1
1209,15,1
1209,86,1
1210,7,1
1210,45,1
1211,4,1
1211,13,1
1211,27,1
1212,7,1
1212,85,1
1213,12,1
1213,14,1
1213,81,1
1214,0,1
1214,7,1
1214,16,1
1214,37,1
1215,4,1
1215,5,1
1215,38,1
1216,4,1
1216,80,1
1217,4,1
1217,7,1
1217,31,1
1218,7,1
1218,63,1
1219,4,1
1219,85,1
1220,0,1
1220,14,1
1220,15,1
1220,86,1
1221,4,1
1221,10,1
1221,23,1
1222,0,1
1222,7,1
1222,16,1
1222,33,1
1223,4,1
1223,7,1
1223,31,1
1224,4,1
1224,7,1
1224,13,1
1224,81,1
1225,7,1
1225,31,1
1226,7,1
1226,33,1
1227,7,1
1227,13,1
1227,25,1
1228,5,1
1228,9,1
1228,15,1
1228,56,1
1229,15,1
1229,31,1
1230,7,1
1230,16,1
1230,63,1
1231,7,1
1231,50,1
1232,9,1
1232,12,1
1232,15,1
1232,55,1
1233,7,1
1233,14,1
1233,62,1
1234,1,1
1234,48,1
1235,4,1
1235,10,1
1235,53,1
1236,4,1
1236,16,1
1236,60,1
1237,4,1
1237,84,1
1238,10,1
1238,45,1
1239,1,1
1239,4,1
1239,7,1
1239,47,1
1240,5,1
1240,9,1
1240,15,1
1240,87,1
1241,0,1
1241,1,1
1241,4,1
1241,10,1
1241,53,1
1242,1,1
1242,16,1
1242,50,1
1243,7,1
1243,16,1
1243,83,1
1244,0,1
1244,7,1
1244,12,1
1244,13,1
1244,15,1
1244,37,1
1245,4,1
1245,13,1
1245,22,1
1246,17,1
1246,23,1
1247,9,1
1247,15,1
1247,30,1
1248,7,1
1248,31,1
1249,4,1
1249,12,1
1249,15,1
1249,67,1
1250,4,1
1250,14,1
1250,84,1
1251,7,1
1251,32,1
1252,7,1
1252,16,1
1252,39,1
1253,4,1
1253,7,1
1253,47,1
1254,1,1
1254,2,1
1254,14,1
1254,15,1
1254,24,1
1255,0,1
1255,1,1
1255,47,1
1256,4,1
1256,7,1
1256,25,1
1257,0,1
1257,7,1
1257,13,1
1257,31,1
1258,4,1
1258,10,1
1258,55,1
1259,4,1
1259,7,1
1259,32,1
1260,7,1
1260,32,1
1261,4,1
1261,35,1
1262,2,1
1262,3,1
1262,11,1
1262,35,1
1263,17,1
1263,61,1
1264,9,1
1264,12,1
1264,52,1
1265,4,1
1265,33,1
1266,7,1
1266,13,1
1266,45,1
1267,0,1
1267,1,1
1267,7,1
1267,43,1
1268,4,1
1268,7,1
1268,11,1
1268,86,1
1269,6,1
1269,16,1
1269,85,1
1270,7,1
1270,13,1
1270,53,1
1271,0,1
1271,1,1
1271,33,1
1272,4,1
1272,81,1
1273,7,1
1273,29,1
1274,4,1
1274,16,1
1274,39,1
1275,7,1
1275,24,1
1276,7,1
1276,13,1
1276,47,1
1277,4,1
1277,84,1
1278,7,1
1278,11,1
1278,16,1
1278,29,1
1279,7,1
1279,16,1
1279,86,1
1280,7,1
1280,84,1
1281,14,1
1281,42,1
1282,7,1
1282,33,1
1283,1,1
1283,46,1
1284,0,1
1284,4,1
1284,17,1
1284,36,1
1285,7,1
1285,86,1
1286,7,1
1286,14,1
1286,32,1
1287,4,1
1287,13,1
1287,33,1
1288,4,1
1288,18,1
1289,7,1
1289,13,1
1289,18,1
1290,6,1
1290,20,1
1291,4,1
1291,20,1
1292,7,1
1292,20,1
1293,5,1
1293,20,1
1294,13,1
1294,20,1
1295,6,1
1295,18,1
1296,7,1
1296,20,1
1297,4,1
1297,20,1
1298,4,1
1298,7,1
1298,18,1
1299,6,1
1299,22,1
1300,0,1
1300,10,1
1300,14,1
1300,15,1
1300,23,1
1301,10,1
1301,37,1
1302,10,1
1302,23,1
1303,10,1
1303,85,1
1304,10,1
1304,20,1
1305,10,1
1305,22,1
1306,10,1
1306,29,1
1307,10,1
1307,81,1
1308,10,1
1308,31,1
1309,10,1
1309,55,1
1310,4,1
1310,10,1
1310,47,1
1311,10,1
1311,27,1
1312,10,1
1312,15,1
1312,53,1
1313,10,1
1313,50,1
1314,10,1
1314,14,1
1314,56,1
1315,0,1
1315,10,1
1315,37,1
1316,10,1
1316,32,1
1317,10,1
1317,73,1
1318,10,1
1318,13,1
1318,23,1
1319,10,1
1319,75,1
1320,10,1
1320,21,1
1321,10,1
1321,23,1
1322,15,1
1322,32,1
1323,9,1
1323,15,1
1323,30,1
1324,10,1
1324,21,1
1325,10,1
1325,29,1
1326,10,1
1326,86,1
1327,10,1
1327,88,1
1328,10,1
1328,47,1
1329,10,1
1329,21,1
1330,7,1
1330,54,1
1331,5,1
1331,15,1
1331,20,1
1332,4,1
1332,13,1
1332,20,1
1333,7,1
1333,20,1
1334,10,1
1334,15,1
1334,54,1
1335,0,1
1335,1,1
1335,14,1
1335,20,1
1336,7,1
1336,13,1
1336,20,1
1337,7,1
1337,15,1
1337,20,1
1338,1,1
1338,3,1
1338,4,1
1338,20,1
1339,7,1
1339,29,1
1340,6,1
1340,20,1
1341,7,1
1341,39,1
1342,7,1
1342,20,1
1343,0,1
1343,18,1
1344,7,1
1344,20,1
1345,7,1
1345,20,1
1346,3,1
1346,4,1
1346,20,1
1347,7,1
1347,51,1
1348,7,1
1348,15,1
1348,19,1
1349,0,1
1349,15,1
1349,31,1
1350,0,1
1350,1,1
1350,14,1
1350,81,1
1351,0,1
1351,1,1
1351,14,1
1351,32,1
1352,0,1
1352,1,1
1352,14,1
1352,33,1
1353,0,1
1353,1,1
1353,14,1
1353,29,1
1354,0,1
1354,1,1
1354,14,1
1354,86,1
1355,0,1
1355,1,1
1355,14,1
1355,47,1
1356,0,1
1356,1,1
1356,4,1
1356,5,1
1356,23,1
1357,0,1
1357,4,1
1357,17,1
1357,24,1
1358,0,1
1358,4,1
1358,17,1
1358,31,1
1359,4,1
1359,11,1
1359,13,1
1359,83,1
1360,4,1
1360,11,1
1360,13,1
1360,29,1
1361,0,1
1361,7,1
1361,31,1
1362,0,1
1362,14,1
1362,20,1
1363,7,1
1363,20,1
1364,0,1
1364,23,1
1365,17,1
1365,56,1
1366,0,1
1366,10,1
1366,46,1
1367,0,1
1367,10,1
1367,83,1
1368,0,1
1368,10,1
1368,85,1
1369,4,1
1369,20,1
1370,0,1
1370,4,1
1370,14,1
1370,16,1
1370,20,1
1371,4,1
1371,7,1
1371,20,1
1372,7,1
1372,13,1
1372,20,1
1373,4,1
1373,53,1
1374,4,1
1374,7,1
1374,53,1
1375,5,1
1375,7,1
1375,14,1
1375,23,1
1376,7,1
1376,20,1
1377,13,1
1377,16,1
1377,20,1
1378,7,1
1378,20,1
1379,7,1
1379,20,1
1380,7,1
1380,20,1
1381,5,1
1381,7,1
1381,54,1
1382,2,1
1382,4,1
1382,20,1
1383,7,1
1383,18,1
1384,10,1
1384,15,1
1384,20,1
1385,0,1
1385,13,1
1385,16,1
1385,23,1
1386,4,1
1386,13,1
1386,20,1
1387,4,1
1387,7,1
1387,20,1
1388,7,1
1388,20,1
1389,7,1
1389,20,1
1390,7,1
1390,20,1
1391,4,1
1391,20,1
1392,5,1
1392,7,1
1392,13,1
1392,20,1
1393,7,1
1393,11,1
1393,20,1
1394,7,1
1394,20,1
1395,7,1
1395,80,1
1396,6,1
1396,20,1
1397,6,1
1397,18,1
1398,12,1
1398,15,1
1398,54,1
1399,7,1
1399,20,1
1400,0,1
1400,20,1
1401,4,1
1401,54,1
1402,3,1
1402,54,1
1403,15,1
1403,54,1
1404,7,1
1404,18,1
1405,0,1
1405,20,1
1406,15,1
1406,54,1
1407,0,1
1407,4,1
1407,54,1
1408,0,1
1408,54,1
1409,4,1
1409,10,1
1409,19,1
1410,0,1
1410,19,1
1411,4,1
1411,45,1
1412,7,1
1412,22,1
1413,0,1
1413,15,1
1413,54,1
1414,4,1
1414,54,1
1415,4,1
1415,22,1
1416,4,1
1416,13,1
1416,22,1
1417,7,1
1417,54,1
1418,6,1
1418,20,1
1419,4,1
1419,19,1
1420,4,1
1420,16,1
1420,54,1
1421,4,1
1421,20,1
1422,5,1
1422,54,1
1423,6,1
1423,20,1
1424,4,1
1424,20,1
1425,16,1
1425,20,1
1426,4,1
1426,13,1
1426,54,1
1427,4,1
1427,54,1
1428,4,1
1428,13,1
1428,20,1
1429,4,1
1429,54,1
1430,4,1
1430,13,1
1430,54,1
1431,13,1
1431,54,1
1432,12,1
1432,15,1
1432,54,1
1433,3,1
1433,4,1
1433,12,1
1433,54,1
1434,4,1
1434,54,1
1435,6,1
1435,20,1
1436,4,1
1436,13,1
1436,54,1
1437,12,1
1437,54,1
1438,7,1
1438,54,1
1439,5,1
1439,7,1
1439,54,1
1440,4,1
1440,7,1
1440,20,1
1441,4,1
1441,13,1
1441,54,1
1442,6,1
1442,54,1
1443,7,1
1443,54,1
1444,5,1
1444,15,1
1444,54,1
1445,0,1
1445,4,1
1445,5,1
1445,7,1
1445,54,1
1446,3,1
1446,4,1
1446,54,1
1447,13,1
1447,20,1
1448,4,1
1448,7,1
1448,54,1
1449,13,1
1449,54,1
1450,0,1
1450,13,1
1450,15,1
1450,54,1
1451,0,1
1451,7,1
1451,15,1
1451,54,1
1452,4,1
1452,7,1
1452,20,1
1453,7,1
1453,15,1
1453,20,1
1454,12,1
1454,20,1
1455,4,1
1455,54,1
1456,7,1
1456,20,1
1457,7,1
1457,11,1
1457,54,1
1458,0,1
1458,7,1
1458,15,1
1458,16,1
1458,54,1
1459,2,1
1459,3,1
1459,11,1
1459,54,1
1460,4,1
1460,54,1
1461,13,1
1461,20,1
1462,4,1
1462,54,1
1463,0,1
1463,1,1
1463,3,1
1463,54,1
1464,7,1
1464,13,1
1464,54,1
1465,0,1
1465,54,1
1466,7,1
1466,13,1
1466,54,1
1467,0,1
1467,1,1
1467,15,1
1467,54,1
1468,4,1
1468,5,1
1468,54,1
1469,5,1
1469,54,1
1470,13,1
1470,20,1
1471,4,1
1471,54,1
1472,7,1
1472,20,1
1473,7,1
1473,16,1
1473,54,1
1474,7,1
1474,54,1
1475,7,1
1475,54,1
1476,7,1
1476,54,1
1477,4,1
1477,20,1
1478,4,1
1478,54,1
1479,13,1
1479,20,1
1480,7,1
1480,15,1
1480,54,1
1481,4,1
1481,20,1
1482,4,1
1482,54,1
1483,0,1
1483,15,1
1483,54,1
1484,7,1
1484,20,1
1485,13,1
1485,54,1
1486,7,1
1486,20,1
1487,0,1
1487,5,1
1487,13,1
1487,54,1
1488,7,1
1488,23,1
1489,0,1
1489,1,1
1489,3,1
1489,8,1
1489,54,1
1490,4,1
1490,54,1
1491,0,1
1491,14,1
1491,54,1
1492,4,1
1492,20,1
1493,7,1
1493,54,1
1494,7,1
1494,20,1
1495,4,1
1495,54,1
1496,7,1
1496,20,1
1497,7,1
1497,28,1
1498,7,1
1498,13,1
1498,54,1
1499,4,1
1499,20,1
1500,1,1
1500,3,1
1500,54,1
1501,4,1
1501,5,1
1501,54,1
1502,4,1
1502,13,1
1502,54,1
1503,4,1
1503,7,1
1503,13,1
1503,20,1
1504,7,1
1504,54,1
1505,0,1
1505,1,1
1505,14,1
1505,15,1
1505,54,1
1506,7,1
1506,20,1
1507,4,1
1507,20,1
1508,3,1
1508,7,1
1508,54,1
1509,7,1
1509,20,1
1510,7,1
1510,13,1
1510,18,1
1511,4,1
1511,13,1
1511,54,1
1512,1,1
1512,3,1
1512,7,1
1512,54,1
1513,0,1
1513,1,1
1513,15,1
1513,54,1
1514,4,1
1514,20,1
1515,7,1
1515,13,1
1515,18,1
1516,7,1
1516,18,1
1517,0,1
1517,13,1
1517,15,1
1517,54,1
1518,7,1
1518,20,1
1519,4,1
1519,20,1
1520,7,1
1520,18,1
1521,4,1
1521,20,1
1522,0,1
1522,1,1
1522,5,1
1522,54,1
1523,7,1
1523,54,1
1524,4,1
1524,13,1
1524,54,1
1525,4,1
1525,15,1
1525,20,1
1526,1,1
1526,2,1
1526,3,1
1526,4,1
1526,11,1
1526,54,1
1527,7,1
1527,54,1
1528,5,1
1528,7,1
1528,12,1
1528,20,1
1529,4,1
1529,13,1
1529,54,1
1530,14,1
1530,23,1
1531,4,1
1531,13,1
1531,20,1
1532,7,1
1532,50,1
1533,0,1
1533,14,1
1533,15,1
1533,54,1
1534,13,1
1534,54,1
1535,7,1
1535,20,1
1536,7,1
1536,20,1
1537,5,1
1537,18,1
1538,7,1
1538,20,1
1539,0,1
1539,1,1
1539,4,1
1539,14,1
1539,54,1
1540,4,1
1540,54,1
1541,1,1
1541,3,1
1541,54,1
1542,3,1
1542,8,1
1542,54,1
1543,7,1
1543,14,1
1543,54,1
1544,4,1
1544,20,1
1545,0,1
1545,7,1
1545,16,1
1545,54,1
1546,0,1
1546,1,1
1546,29,1
1547,3,1
1547,4,1
1547,54,1
1548,5,1
1548,7,1
1548,12,1
1548,54,1
1549,0,1
1549,12,1
1549,14,1
1549,15,1
1549,54,1
1550,0,1
1550,1,1
1550,14,1
1550,15,1
1550,54,1
1551,3,1
1551,4,1
1551,54,1
1552,4,1
1552,13,1
1552,54,1
1553,7,1
1553,54,1
1554,1,1
1554,3,1
1554,7,1
1554,54,1
1555,7,1
1555,54,1
1556,0,1
1556,12,1
1556,13,1
1556,15,1
1556,54,1
1557,5,1
1557,7,1
1557,15,1
1557,59,1
1558,0,1
1558,54,1
1559,7,1
1559,13,1
1559,54,1
1560,5,1
1560,7,1
1560,9,1
1560,54,1
1561,4,1
1561,54,1
1562,14,1
1562,15,1
1562,54,1
1563,0,1
1563,4,1
1563,54,1
1564,1,1
1564,13,1
1564,54,1
1565,0,1
1565,1,1
1565,54,1
1566,0,1
1566,15,1
1566,54,1
1567,7,1
1567,54,1
1568,0,1
1568,15,1
1568,31,1
1569,7,1
1569,32,1
1570,4,1
1570,54,1
1571,7,1
1571,54,1
1572,4,1
1572,54,1
1573,1,1
1573,15,1
1573,54,1
1574,0,1
1574,15,1
1574,16,1
1574,54,1
1575,5,1
1575,9,1
1575,12,1
1575,15,1
1575,54,1
1576,7,1
1576,16,1
1576,54,1
1577,5,1
1577,7,1
1577,15,1
1577,54,1
1578,7,1
1578,54,1
1579,4,1
1579,7,1
1579,54,1
1580,10,1
1580,54,1
1581,7,1
1581,54,1
1582,12,1
1582,15,1
1582,54,1
1583,0,1
1583,7,1
1583,15,1
1583,54,1
1584,0,1
1584,5,1
1584,12,1
1584,54,1
1585,7,1
1585,54,1
1586,4,1
1586,13,1
1586,54,1
1587,4,1
1587,7,1
1587,54,1
1588,15,1
1588,54,1
1589,4,1
1589,13,1
1589,54,1
1590,7,1
1590,54,1
1591,7,1
1591,54,1
1592,0,1
1592,15,1
1592,54,1
1593,7,1
1593,13,1
1593,54,1
1594,4,1
1594,54,1
1595,4,1
1595,54,1
1596,4,1
1596,7,1
1596,20,1
1597,7,1
1597,13,1
1597,54,1
1598,10,1
1598,12,1
1598,15,1
1598,54,1
1599,5,1
1599,10,1
1599,12,1
1599,15,1
1599,54,1
1600,4,1
1600,54,1
1601,5,1
1601,15,1
1601,54,1
1602,4,1
1602,7,1
1602,15,1
1602,54,1
1603,6,1
1603,54,1
1604,7,1
1604,54,1
1605,7,1
1605,54,1
1606,6,1
1606,54,1
1607,7,1
1607,14,1
1607,15,1
1607,54,1
1608,3,1
1608,7,1
1608,8,1
1608,54,1
1609,10,1
1609,59,1
1610,13,1
1610,54,1
1611,6,1
1611,54,1
1612,13,1
1612,15,1
1612,54,1
1613,7,1
1613,59,1
1614,7,1
1614,54,1
1615,15,1
1615,54,1
1616,5,1
1616,54,1
1617,4,1
1617,37,1
1618,7,1
1618,20,1
1619,4,1
1619,54,1
1620,13,1
1620,54,1
1621,0,1
1621,7,1
1621,54,1
1622,7,1
1622,54,1
1623,13,1
1623,54,1
1624,7,1
1624,16,1
1624,54,1
1625,5,1
1625,54,1
1626,7,1
1626,54,1
1627,7,1
1627,54,1
1628,7,1
1628,13,1
1628,15,1
1628,84,1
1629,5,1
1629,15,1
1629,54,1
1630,0,1
1630,1,1
1630,14,1
1630,16,1
1630,54,1
1631,4,1
1631,54,1
1632,7,1
1632,22,1
1633,4,1
1633,59,1
1634,7,1
1634,13,1
1634,59,1
1635,0,1
1635,1,1
1635,54,1
1636,7,1
1636,59,1
1637,7,1
1637,13,1
1637,15,1
1637,54,1
1638,13,1
1638,54,1
1639,13,1
1639,20,1
1640,5,1
1640,15,1
1640,54,1
1641,0,1
1641,15,1
1641,54,1
1642,2,1
1642,3,1
1642,11,1
1642,54,1
1643,4,1
1643,12,1
1643,54,1
1644,0,1
1644,10,1
1644,14,1
1644,54,1
1645,10,1
1645,14,1
1645,18,1
1646,7,1
1646,54,1
1647,7,1
1647,54,1
1648,7,1
1648,54,1
1649,7,1
1649,16,1
1649,54,1
1650,5,1
1650,19,1
1651,4,1
1651,54,1
1652,7,1
1652,59,1
1653,4,1
1653,7,1
1653,54,1
1654,3,1
1654,4,1
1654,8,1
1654,54,1
1655,4,1
1655,54,1
1656,7,1
1656,54,1
1657,7,1
1657,20,1
1658,7,1
1658,20,1
1659,3,1
1659,4,1
1659,54,1
1660,7,1
1660,54,1
1661,15,1
1661,54,1
1662,7,1
1662,20,1
1663,4,1
1663,5,1
1663,7,1
1663,12,1
1663,54,1
1664,3,1
1664,4,1
1664,54,1
1665,13,1
1665,20,1
1666,15,1
1666,54,1
1667,7,1
1667,54,1
1668,10,1
1668,15,1
1668,54,1
1669,15,1
1669,54,1
1670,7,1
1670,54,1
1671,0,1
1671,1,1
1671,14,1
1671,18,1
1672,7,1
1672,13,1
1672,54,1
1673,0,1
1673,13,1
1673,15,1
1673,54,1
1674,4,1
1674,7,1
1674,20,1
1675,7,1
1675,20,1
1676,7,1
1676,54,1
1677,7,1
1677,54,1
1678,7,1
1678,59,1
1679,7,1
1679,54,1
1680,5,1
1680,7,1
1680,54,1
1681,7,1
1681,54,1
1682,4,1
1682,54,1
1683,4,1
1683,5,1
1683,12,1
1683,15,1
1683,59,1
1684,7,1
1684,13,1
1684,54,1
1685,4,1
1685,7,1
1685,54,1
1686,7,1
1686,13,1
1686,59,1
1687,4,1
1687,59,1
1688,0,1
1688,3,1
1688,59,1
1689,0,1
1689,7,1
1689,59,1
1690,7,1
1690,18,1
1691,5,1
1691,59,1
1692,6,1
1692,20,1
1693,0,1
1693,1,1
1693,15,1
1693,59,1
1694,4,1
1694,59,1
1695,4,1
1695,7,1
1695,54,1
1696,9,1
1696,14,1
1696,15,1
1696,59,1
1697,13,1
1697,20,1
1698,1,1
1698,3,1
1698,8,1
1698,14,1
1698,54,1
1699,0,1
1699,15,1
1699,59,1
1700,4,1
1700,59,1
1701,0,1
1701,12,1
1701,15,1
1701,59,1
1702,13,1
1702,54,1
1703,10,1
1703,59,1
1704,7,1
1704,18,1
1705,7,1
1705,59,1
1706,7,1
1706,54,1
1707,4,1
1707,11,1
1707,54,1
1708,0,1
1708,10,1
1708,14,1
1708,59,1
1709,4,1
1709,15,1
1709,59,1
1710,5,1
1710,7,1
1710,59,1
1711,7,1
1711,13,1
1711,59,1
1712,7,1
1712,54,1
1713,0,1
1713,15,1
1713,59,1
1714,13,1
1714,15,1
1714,59,1
1715,10,1
1715,54,1
1716,0,1
1716,4,1
1716,11,1
1716,59,1
1717,0,1
1717,7,1
1717,18,1
1718,4,1
1718,7,1
1718,59,1
1719,7,1
1719,59,1
1720,4,1
1720,13,1
1720,59,1
1721,1,1
1721,14,1
1721,15,1
1721,59,1
1722,6,1
1722,54,1
1723,7,1
1723,20,1
1724,4,1
1724,13,1
1724,59,1
1725,9,1
1725,12,1
1725,15,1
1725,59,1
1726,4,1
1726,7,1
1726,54,1
1727,0,1
1727,5,1
1727,31,1
1728,6,1
1728,59,1
1729,0,1
1729,7,1
1729,54,1
1730,7,1
1730,18,1
1731,5,1
1731,7,1
1731,59,1
1732,0,1
1732,15,1
1732,59,1
1733,4,1
1733,54,1
1734,4,1
1734,7,1
1734,54,1
1735,7,1
1735,18,1
1736,0,1
1736,7,1
1736,59,1
1737,6,1
1737,59,1
1738,15,1
1738,59,1
1739,5,1
1739,7,1
1739,54,1
1740,0,1
1740,7,1
1740,13,1
1740,59,1
1741,5,1
1741,7,1
1741,59,1
1742,5,1
1742,7,1
1742,12,1
1742,15,1
1742,59,1
1743,1,1
1743,3,1
1743,4,1
1743,59,1
1744,7,1
1744,59,1
1745,4,1
1745,5,1
1745,7,1
1745,54,1
1746,7,1
1746,59,1
1747,7,1
1747,54,1
1748,3,1
1748,4,1
1748,7,1
1748,59,1
1749,7,1
1749,59,1
1750,7,1
1750,54,1
1751,4,1
1751,7,1
1751,54,1
1752,4,1
1752,7,1
1752,13,1
1752,59,1
1753,7,1
1753,54,1
1754,7,1
1754,59,1
1755,4,1
1755,13,1
1755,59,1
1756,3,1
1756,4,1
1756,59,1
1757,4,1
1757,15,1
1757,59,1
1758,0,1
1758,7,1
1758,59,1
1759,1,1
1759,3,1
1759,59,1
1760,4,1
1760,6,1
1760,54,1
1761,7,1
1761,13,1
1761,54,1
1762,4,1
1762,59,1
1763,0,1
1763,14,1
1763,15,1
1763,59,1
1764,0,1
1764,7,1
1764,54,1
1765,0,1
1765,7,1
1765,15,1
1765,59,1
1766,7,1
1766,15,1
1766,54,1
1767,13,1
1767,59,1
1768,7,1
1768,59,1
1769,4,1
1769,59,1
1770,4,1
1770,59,1
1771,7,1
1771,59,1
1772,7,1
1772,15,1
1772,59,1
1773,5,1
1773,7,1
1773,20,1
1774,3,1
1774,4,1
1774,59,1
1775,7,1
1775,54,1
1776,4,1
1776,15,1
1776,59,1
1777,7,1
1777,54,1
1778,7,1
1778,15,1
1778,20,1
1779,1,1
1779,3,1
1779,4,1
1779,8,1
1779,54,1
1780,1,1
1780,54,1
1781,7,1
1781,13,1
1781,59,1
1782,7,1
1782,13,1
1782,54,1
1783,7,1
1783,15,1
1783,59,1
1784,4,1
1784,54,1
1785,4,1
1785,13,1
1785,59,1
1786,4,1
1786,59,1
1787,6,1
1787,11,1
1787,59,1
1788,4,1
1788,54,1
1789,0,1
1789,4,1
1789,54,1
1790,7,1
1790,54,1
1791,7,1
1791,54,1
1792,4,1
1792,15,1
1792,54,1
1793,10,1
1793,14,1
1793,59,1
1794,4,1
1794,59,1
1795,4,1
1795,59,1
1796,6,1
1796,59,1
1797,0,1
1797,4,1
1797,59,1
1798,0,1
1798,1,1
1798,59,1
1799,7,1
1799,16,1
1799,20,1
1800,0,1
1800,15,1
1800,59,1
1801,4,1
1801,7,1
1801,59,1
1802,4,1
1802,7,1
1802,54,1
1803,7,1
1803,18,1
1804,7,1
1804,59,1
1805,4,1
1805,13,1
1805,54,1
1806,4,1
1806,54,1
1807,0,1
1807,7,1
1807,14,1
1807,15,1
1807,59,1
1808,7,1
1808,59,1
1809,4,1
1809,13,1
1809,59,1
1810,7,1
1810,54,1
1811,7,1
1811,54,1
1812,1,1
1812,2,1
1812,3,1
1812,8,1
1812,59,1
1813,0,1
1813,14,1
1813,59,1
1814,4,1
1814,59,1
1815,4,1
1815,7,1
1815,59,1
1816,4,1
1816,7,1
1816,59,1
1817,4,1
1817,59,1
1818,1,1
1818,4,1
1818,59,1
1819,4,1
1819,7,1
1819,13,1
1819,59,1
1820,15,1
1820,54,1
1821,7,1
1821,54,1
1822,10,1
1822,15,1
1822,54,1
1823,12,1
1823,15,1
1823,59,1
1824,7,1
1824,20,1
1825,1,1
1825,4,1
1825,13,1
1825,59,1
1826,4,1
1826,7,1
1826,13,1
1826,59,1
1827,4,1
1827,59,1
1828,7,1
1828,13,1
1828,59,1
1829,7,1
1829,16,1
1829,59,1
1830,1,1
1830,7,1
1830,59,1
1831,7,1
1831,54,1
1832,6,1
1832,54,1
1833,7,1
1833,13,1
1833,20,1
1834,4,1
1834,54,1
1835,4,1
1835,7,1
1835,54,1
1836,7,1
1836,54,1
1837,4,1
1837,13,1
1837,54,1
1838,2,1
1838,3,1
1838,59,1
1839,7,1
1839,15,1
1839,59,1
1840,12,1
1840,14,1
1840,15,1
1840,59,1
1841,0,1
1841,4,1
1841,5,1
1841,54,1
1842,4,1
1842,59,1
1843,0,1
1843,5,1
1843,13,1
1843,59,1
1844,7,1
1844,12,1
1844,46,1
1845,4,1
1845,7,1
1845,59,1
1846,7,1
1846,54,1
1847,0,1
1847,4,1
1847,7,1
1847,59,1
1848,0,1
1848,1,1
1848,14,1
1848,15,1
1848,59,1
1849,0,1
1849,4,1
1849,5,1
1849,7,1
1849,59,1
1850,3,1
1850,4,1
1850,59,1
1851,2,1
1851,3,1
1851,8,1
1851,16,1
1851,59,1
1852,14,1
1852,15,1
1852,59,1
1853,7,1
1853,59,1
1854,4,1
1854,59,1
1855,10,1
1855,14,1
1855,56,1
1856,7,1
1856,13,1
1856,16,1
1856,89,1
1857,11,1
1857,90,1
1858,16,1
1858,79,1
1859,17,1
1859,87,1
1860,7,1
1860,78,1
1861,7,1
1861,60,1
1862,1,1
1862,75,1
1863,11,1
1863,76,1
1864,7,1
1864,34,1
1865,4,1
1865,74,1
1866,7,1
1866,69,1
1867,7,1
1867,16,1
1867,68,1
1868,4,1
1868,67,1
1869,7,1
1869,73,1
1870,7,1
1870,16,1
1870,52,1
1871,7,1
1871,72,1
1872,7,1
1872,48,1
1873,7,1
1873,57,1
1874,7,1
1874,61,1
1875,7,1
1875,13,1
1875,16,1
1875,70,1
1876,5,1
1876,7,1
1876,65,1
1877,7,1
1877,13,1
1877,41,1
1878,11,1
1878,13,1
1878,64,1
1879,4,1
1879,50,1
1880,7,1
1880,82,1
1881,7,1
1881,12,1
1881,25,1
1882,11,1
1882,44,1
1883,7,1
1883,36,1
1884,0,1
1884,5,1
1884,7,1
1884,15,1
1884,80,1
1885,0,1
1885,7,1
1885,21,1
1886,7,1
1886,81,1
1887,7,1
1887,45,1
1888,7,1
1888,37,1
1889,4,1
1889,7,1
1889,85,1
1890,7,1
1890,13,1
1890,84,1
1891,7,1
1891,16,1
1891,53,1
1892,7,1
1892,24,1
1893,7,1
1893,33,1
1894,4,1
1894,36,1
1895,7,1
1895,12,1
1895,80,1
1896,4,1
1896,14,1
1896,86,1
1897,4,1
1897,31,1
1898,1,1
1898,3,1
1898,8,1
1898,47,1
1899,4,1
1899,7,1
1899,84,1
1900,10,1
1900,84,1
1901,10,1
1901,53,1
1902,10,1
1902,24,1
1903,10,1
1903,33,1
1904,10,1
1904,32,1
1905,10,1
1905,45,1
1906,10,1
1906,37,1
1907,10,1
1907,29,1
1908,10,1
1908,86,1
1909,10,1
1909,84,1
1910,10,1
1910,47,1
1911,10,1
1911,24,1
1912,10,1
1912,33,1
1913,10,1
1913,83,1
1914,10,1
1914,37,1
1915,10,1
1915,85,1
1916,10,1
1916,24,1
1917,10,1
1917,33,1
1918,10,1
1918,45,1
1919,10,1
1919,53,1
1920,10,1
1920,33,1
1921,10,1
1921,23,1
1922,10,1
1922,24,1
1923,10,1
1923,31,1
1924,10,1
1924,23,1
1925,10,1
1925,15,1
1925,29,1
1926,10,1
1926,15,1
1926,47,1
1927,10,1
1927,15,1
1927,24,1
1928,10,1
1928,38,1
1929,10,1
1929,27,1
1930,10,1
1930,31,1
1931,0,1
1931,4,1
1931,5,1
1931,7,1
1931,53,1
1932,0,1
1932,4,1
1932,5,1
1932,7,1
1932,33,1
1933,0,1
1933,4,1
1933,5,1
1933,7,1
1933,23,1
1934,4,1
1934,10,1
1934,86,1
1935,4,1
1935,10,1
1935,31,1
1936,1,1
1936,3,1
1936,8,1
1936,84,1
1937,0,1
1937,1,1
1937,13,1
1937,59,1
1938,4,1
1938,59,1
1939,5,1
1939,7,1
1939,9,1
1939,20,1
1940,14,1
1940,15,1
1940,38,1
1941,14,1
1941,77,1
1942,4,1
1942,14,1
1942,33,1
1943,4,1
1943,14,1
1943,17,1
1943,31,1
1944,0,1
1944,1,1
1944,58,1
1945,3,1
1945,4,1
1945,27,1
1946,3,1
1946,4,1
1946,8,1
1946,64,1
1947,3,1
1947,4,1
1947,17,1
1947,81,1
1948,3,1
1948,8,1
1948,11,1
1948,64,1
1949,2,1
1949,3,1
1949,68,1
1950,0,1
1950,7,1
1950,65,1
1951,7,1
1951,13,1
1951,24,1
1952,8,1
1952,14,1
1952,86,1
1953,7,1
1953,24,1
1954,0,1
1954,5,1
1954,7,1
1954,31,1
1955,7,1
1955,12,1
1955,32,1
1956,7,1
1956,13,1
1956,54,1
1957,10,1
1957,15,1
1957,59,1
1958,4,1
1958,5,1
1958,59,1
1959,0,1
1959,7,1
1959,16,1
1959,59,1
1960,4,1
1960,13,1
1960,54,1
1961,7,1
1961,54,1
1962,3,1
1962,4,1
1962,80,1
1963,3,1
1963,4,1
1963,80,1
1964,2,1
1964,3,1
1964,84,1
1965,14,1
1965,81,1
1966,3,1
1966,4,1
1966,44,1
1967,3,1
1967,4,1
1967,19,1
1968,1,1
1968,3,1
1968,4,1
1968,27,1
1969,3,1
1969,4,1
1969,14,1
1969,83,1
1970,1,1
1970,3,1
1970,33,1
1971,3,1
1971,4,1
1971,39,1
1972,0,1
1972,1,1
1972,3,1
1972,4,1
1972,37,1
1973,3,1
1973,4,1
1973,19,1
1974,1,1
1974,3,1
1974,8,1
1974,43,1
1975,4,1
1975,37,1
1976,1,1
1976,3,1
1976,7,1
1976,13,1
1976,22,1
1977,1,1
1977,3,1
1977,14,1
1977,47,1
1978,3,1
1978,25,1
1979,2,1
1979,3,1
1979,47,1
1980,4,1
1980,11,1
1980,25,1
1981,1,1
1981,3,1
1981,4,1
1981,45,1
1982,1,1
1982,3,1
1982,4,1
1982,27,1
1983,3,1
1983,4,1
1983,22,1
1984,3,1
1984,4,1
1984,14,1
1984,23,1
1985,1,1
1985,3,1
1985,4,1
1985,8,1
1985,14,1
1985,33,1
1986,4,1
1986,17,1
1986,83,1
1987,1,1
1987,3,1
1987,30,1
1988,1,1
1988,3,1
1988,50,1
1989,0,1
1989,15,1
1989,59,1
1990,3,1
1990,7,1
1990,59,1
1991,4,1
1991,59,1
1992,6,1
1992,54,1
1993,7,1
1993,13,1
1993,59,1
1994,7,1
1994,13,1
1994,54,1
1995,4,1
1995,6,1
1995,33,1
1996,4,1
1996,7,1
1996,13,1
1996,84,1
1997,9,1
1997,72,1
1998,7,1
1998,13,1
1998,16,1
1998,28,1
1999,7,1
1999,29,1
2000,7,1
2000,84,1
2001,7,1
2001,85,1
2002,7,1
2002,22,1
2003,4,1
2003,33,1
2004,4,1
2004,84,1
2005,7,1
2005,55,1
2006,7,1
2006,16,1
2006,37,1
2007,7,1
2007,12,1
2007,47,1
2008,1,1
2008,3,1
2008,84,1
2009,2,1
2009,3,1
2009,4,1
2009,11,1
2009,25,1
2010,3,1
2010,7,1
2010,40,1
2011,2,1
2011,3,1
2011,4,1
2011,11,1
2011,13,1
2011,41,1
2012,2,1
2012,3,1
2012,4,1
2012,11,1
2012,13,1
2012,33,1
2013,3,1
2013,4,1
2013,23,1
2014,3,1
2014,11,1
2014,23,1
2015,3,1
2015,11,1
2015,23,1
2016,2,1
2016,3,1
2016,64,1
2017,7,1
2017,8,1
2017,84,1
2018,2,1
2018,3,1
2018,8,1
2018,11,1
2018,70,1
2019,1,1
2019,4,1
2019,11,1
2019,45,1
2020,2,1
2020,3,1
2020,31,1
2021,2,1
2021,3,1
2021,27,1
2022,3,1
2022,14,1
2022,83,1
2023,2,1
2023,3,1
2023,11,1
2023,22,1
2024,1,1
2024,3,1
2024,8,1
2024,14,1
2024,84,1
2025,0,1
2025,1,1
2025,14,1
2025,32,1
2026,3,1
2026,4,1
2026,21,1
2027,2,1
2027,3,1
2027,11,1
2027,43,1
2028,3,1
2028,10,1
2028,85,1
2029,3,1
2029,4,1
2029,50,1
2030,1,1
2030,2,1
2030,3,1
2030,11,1
2030,52,1
2031,4,1
2031,8,1
2031,13,1
2031,86,1
2032,1,1
2032,7,1
2032,19,1
2033,2,1
2033,3,1
2033,4,1
2033,11,1
2033,35,1
2034,1,1
2034,3,1
2034,19,1
2035,7,1
2035,29,1
2036,0,1
2036,1,1
2036,8,1
2036,14,1
2036,29,1
2037,7,1
2037,16,1
2037,22,1
2038,10,1
2038,15,1
2038,59,1
2039,4,1
2039,13,1
2039,32,1
2040,4,1
2040,81,1
2041,4,1
2041,5,1
2041,15,1
2041,29,1
2042,4,1
2042,85,1
2043,5,1
2043,7,1
2043,32,1
2044,10,1
2044,15,1
2044,31,1
2045,7,1
2045,85,1
2046,0,1
2046,1,1
2046,86,1
2047,1,1
2047,2,1
2047,3,1
2047,14,1
2047,83,1
2048,7,1
2048,14,1
2048,86,1
2049,10,1
2049,15,1
2049,85,1
2050,10,1
2050,47,1
2051,7,1
2051,10,1
2051,22,1
2052,10,1
2052,15,1
2052,85,1
2053,10,1
2053,15,1
2053,86,1
2054,2,1
2054,3,1
2054,33,1
2055,4,1
2055,32,1
2056,7,1
2056,13,1
2056,59,1
2057,0,1
2057,5,1
2057,12,1
2057,15,1
2057,59,1
2058,7,1
2058,13,1
2058,54,1
2059,4,1
2059,59,1
2060,6,1
2060,54,1
2061,5,1
2061,7,1
2061,13,1
2061,45,1
2062,7,1
2062,83,1
2063,7,1
2063,82,1
2064,1,1
2064,4,1
2064,53,1
2065,4,1
2065,84,1
2066,1,1
2066,11,1
2066,25,1
2067,4,1
2067,50,1
2068,2,1
2068,3,1
2068,38,1
2069,2,1
2069,3,1
2069,7,1
2069,8,1
2069,83,1
2070,2,1
2070,3,1
2070,29,1
2071,3,1
2071,8,1
2071,14,1
2071,29,1
2072,2,1
2072,3,1
2072,4,1
2072,47,1
2073,2,1
2073,3,1
2073,4,1
2073,32,1
2074,1,1
2074,8,1
2074,13,1
2074,84,1
2075,4,1
2075,86,1
2076,4,1
2076,7,1
2076,13,1
2076,47,1
2077,7,1
2077,13,1
2077,84,1
2078,7,1
2078,47,1
2079,4,1
2079,10,1
2079,47,1
2080,4,1
2080,10,1
2080,53,1
2081,4,1
2081,45,1
2082,4,1
2082,33,1
2083,3,1
2083,4,1
2083,59,1
2084,0,1
2084,1,1
2084,59,1
2085,7,1
2085,13,1
2085,59,1
2086,4,1
2086,59,1
2087,4,1
2087,7,1
2087,54,1
2088,13,1
2088,59,1
2089,5,1
2089,10,1
2089,20,1
2090,5,1
2090,10,1
2090,31,1
2091,10,1
2091,15,1
2091,44,1
2092,1,1
2092,3,1
2092,8,1
2092,86,1
2093,1,1
2093,3,1
2093,8,1
2093,31,1
2094,4,1
2094,10,1
2094,45,1
2095,7,1
2095,53,1
2096,7,1
2096,59,1
2097,7,1
2097,13,1
2097,59,1
2098,0,1
2098,1,1
2098,10,1
2098,59,1
2099,7,1
2099,13,1
2099,59,1
2100,4,1
2100,59,1
2101,0,1
2101,4,1
2101,59,1
2102,4,1
2102,7,1
2102,13,1
2102,59,1
2103,4,1
2103,59,1
2104,1,1
2104,8,1
2104,14,1
2104,24,1
2105,4,1
2105,8,1
2105,24,1
2106,7,1
2106,13,1
2106,54,1
2107,15,1
2107,48,1
2108,4,1
2108,15,1
2108,21,1
2109,15,1
2109,58,1
2110,15,1
2110,36,1
2111,15,1
2111,82,1
2112,15,1
2112,26,1
2113,7,1
2113,9,1
2113,15,1
2113,42,1
2114,15,1
2114,42,1
2115,12,1
2115,15,1
2115,41,1
2116,15,1
2116,70,1
2117,9,1
2117,15,1
2117,62,1
2118,12,1
2118,15,1
2118,51,1
2119,7,1
2119,59,1
2120,2,1
2120,54,1
2121,7,1
2121,59,1
2122,4,1
2122,54,1
2123,7,1
2123,54,1
2124,0,1
2124,1,1
2124,8,1
2124,24,1
2125,0,1
2125,5,1
2125,7,1
2125,53,1
2126,4,1
2126,59,1
2127,0,1
2127,59,1
2128,7,1
2128,54,1
2129,6,1
2129,59,1
2130,5,1
2130,7,1
2130,59,1
2131,7,1
2131,57,1
2132,7,1
2132,72,1
2133,7,1
2133,15,1
2133,16,1
2133,67,1
2134,9,1
2134,15,1
2134,49,1
2135,15,1
2135,68,1
2136,4,1
2136,69,1
2137,12,1
2137,15,1
2137,69,1
2138,7,1
2138,71,1
2139,4,1
2139,12,1
2139,13,1
2139,15,1
2139,74,1
2140,5,1
2140,15,1
2140,34,1
2141,15,1
2141,76,1
2142,15,1
2142,76,1
2143,15,1
2143,66,1
2144,4,1
2144,11,1
2144,60,1
2145,15,1
2145,78,1
2146,4,1
2146,13,1
2146,78,1
2147,7,1
2147,87,1
2148,4,1
2148,11,1
2148,79,1
2149,7,1
2149,79,1
2150,12,1
2150,15,1
2150,79,1
2151,7,1
2151,90,1
2152,15,1
2152,90,1
2153,4,1
2153,91,1
2154,4,1
2154,91,1
2155,7,1
2155,89,1
2156,7,1
2156,89,1
2157,7,1
2157,89,1
2158,15,1
2158,77,1
2159,7,1
2159,77,1
2160,7,1
2160,92,1
2161,4,1
2161,93,1
2162,5,1
2162,7,1
2162,59,1
2163,14,1
2163,15,1
2163,54,1
2164,7,1
2164,59,1
2165,7,1
2165,59,1
2166,7,1
2166,16,1
2166,94,1
2167,7,1
2167,59,1
2168,7,1
2168,59,1
2169,4,1
2169,7,1
2169,21,1
2170,4,1
2170,7,1
2170,46,1
2171,7,1
2171,45,1
2172,4,1
2172,85,1
2173,7,1
2173,86,1
2174,4,1
2174,7,1
2174,13,1
2174,53,1
2175,4,1
2175,13,1
2175,53,1
2176,4,1
2176,7,1
2176,24,1
2177,4,1
2177,24,1
2178,4,1
2178,24,1
2179,4,1
2179,7,1
2179,13,1
2179,33,1
2180,4,1
2180,31,1
2181,7,1
2181,31,1
2182,4,1
2182,32,1
2183,4,1
2183,7,1
2183,23,1
2184,0,1
2184,4,1
2184,8,1
2184,23,1
2185,7,1
2185,37,1
2186,4,1
2186,29,1
2187,10,1
2187,14,1
2187,29,1
2188,4,1
2188,13,1
2188,86,1
2189,0,1
2189,86,1
2190,4,1
2190,13,1
2190,86,1
2191,0,1
2191,5,1
2191,47,1
2192,4,1
2192,47,1
2193,4,1
2193,7,1
2193,13,1
2193,47,1
2194,15,1
2194,24,1
2195,7,1
2195,33,1
2196,1,1
2196,4,1
2196,32,1
2197,4,1
2197,13,1
2197,32,1
2198,12,1
2198,15,1
2198,32,1
2199,5,1
2199,7,1
2199,23,1
2200,7,1
2200,22,1
2201,6,1
2201,19,1
2202,7,1
2202,59,1
2203,7,1
2203,59,1
2204,0,1
2204,15,1
2204,59,1
2205,7,1
2205,18,1
2206,0,1
2206,1,1
2206,14,1
2206,59,1
2207,7,1
2207,59,1
2208,7,1
2208,54,1
2209,0,1
2209,5,1
2209,15,1
2209,59,1
2210,10,1
2210,15,1
2210,59,1
2211,5,1
2211,59,1
2212,5,1
2212,59,1
2213,4,1
2213,7,1
2213,59,1
2214,7,1
2214,31,1
2215,7,1
2215,19,1
2216,7,1
2216,44,1
2217,4,1
2217,45,1
2218,14,1
2218,15,1
2218,16,1
2218,65,1
2219,0,1
2219,10,1
2219,14,1
2219,15,1
2219,29,1
2220,4,1
2220,7,1
2220,23,1
2221,4,1
2221,7,1
2221,45,1
2222,7,1
2222,13,1
2222,31,1
2223,13,1
2223,20,1
2224,7,1
2224,59,1
2225,2,1
2225,3,1
2225,59,1
2226,4,1
2226,59,1
2227,4,1
2227,59,1
2228,7,1
2228,13,1
2228,59,1
2229,15,1
2229,59,1
2230,4,1
2230,43,1
2231,4,1
2231,11,1
2231,44,1
2232,4,1
2232,37,1
2233,4,1
2233,23,1
2234,7,1
2234,11,1
2234,46,1
2235,7,1
2235,59,1
2236,7,1
2236,59,1
2237,4,1
2237,59,1
2238,0,1
2238,7,1
2238,59,1
2239,0,1
2239,5,1
2239,38,1
2240,7,1
2240,59,1
2241,7,1
2241,59,1
2242,12,1
2242,14,1
2242,86,1
2243,7,1
2243,47,1
2244,7,1
2244,45,1
2245,7,1
2245,59,1
2246,10,1
2246,15,1
2246,59,1
2247,7,1
2247,13,1
2247,59,1
2248,4,1
2248,54,1
2249,4,1
2249,59,1
2250,4,1
2250,54,1
2251,7,1
2251,15,1
2251,59,1
2252,4,1
2252,59,1
2253,0,1
2253,1,1
2253,14,1
2253,15,1
2253,16,1
2253,59,1
2254,6,1
2254,59,1
2255,4,1
2255,7,1
2255,54,1
2256,4,1
2256,54,1
2257,7,1
2257,15,1
2257,59,1
2258,10,1
2258,31,1
2259,10,1
2259,59,1
2260,7,1
2260,59,1
2261,6,1
2261,20,1
2262,4,1
2262,13,1
2262,59,1
2263,5,1
2263,7,1
2263,59,1
2264,7,1
2264,59,1
2265,0,1
2265,15,1
2265,59,1
2266,4,1
2266,59,1
2267,7,1
2267,59,1
2268,7,1
2268,59,1
2269,10,1
2269,12,1
2269,15,1
2269,59,1
2270,4,1
2270,13,1
2270,59,1
2271,13,1
2271,59,1
2272,7,1
2272,59,1
2273,4,1
2273,20,1
2274,7,1
2274,59,1
2275,0,1
2275,1,1
2275,7,1
2275,15,1
2275,84,1
2276,7,1
2276,47,1
2277,14,1
2277,15,1
2277,46,1
2278,0,1
2278,86,1
2279,7,1
2279,47,1
2280,4,1
2280,15,1
2280,47,1
2281,4,1
2281,31,1
2282,7,1
2282,63,1
2283,4,1
2283,7,1
2283,85,1
2284,0,1
2284,15,1
2284,59,1
2285,2,1
2285,3,1
2285,4,1
2285,59,1
2286,2,1
2286,3,1
2286,4,1
2286,59,1
2287,4,1
2287,59,1
2288,7,1
2288,59,1
2289,7,1
2289,59,1
2290,4,1
2290,59,1
2291,7,1
2291,59,1
2292,4,1
2292,58,1
2293,7,1
2293,70,1
2294,0,1
2294,14,1
2294,65,1
2295,0,1
2295,14,1
2295,86,1
2296,0,1
2296,14,1
2296,30,1
2297,0,1
2297,1,1
2297,10,1
2297,60,1
2298,0,1
2298,1,1
2298,10,1
2298,21,1
2299,0,1
2299,1,1
2299,10,1
2299,47,1
2300,4,1
2300,13,1
2300,84,1
2301,0,1
2301,1,1
2301,7,1
2301,84,1
2302,4,1
2302,84,1
2303,4,1
2303,33,1
2304,0,1
2304,1,1
2304,84,1
2305,4,1
2305,7,1
2305,47,1
2306,4,1
2306,47,1
2307,0,1
2307,84,1
2308,10,1
2308,14,1
2308,84,1
2309,4,1
2309,86,1
2310,4,1
2310,84,1
2311,4,1
2311,47,1
2312,4,1
2312,53,1
2313,4,1
2313,24,1
2314,4,1
2314,33,1
2315,3,1
2315,4,1
2315,59,1
2316,4,1
2316,13,1
2316,59,1
2317,7,1
2317,59,1
2318,4,1
2318,5,1
2318,59,1
2319,7,1
2319,13,1
2319,54,1
2320,5,1
2320,10,1
2320,15,1
2320,59,1
2321,4,1
2321,59,1
2322,5,1
2322,15,1
2322,59,1
2323,4,1
2323,7,1
2323,59,1
2324,0,1
2324,14,1
2324,59,1
2325,2,1
2325,11,1
2325,59,1
2326,4,1
2326,59,1
2327,4,1
2327,13,1
2327,59,1
2328,7,1
2328,86,1
2329,7,1
2329,72,1
2330,1,1
2330,3,1
2330,8,1
2330,84,1
2331,3,1
2331,7,1
2331,33,1
2332,17,1
2332,84,1
2333,0,1
2333,16,1
2333,84,1
2334,0,1
2334,29,1
2335,0,1
2335,16,1
2335,24,1
2336,0,1
2336,1,1
2336,4,1
2336,13,1
2336,84,1
2337,0,1
2337,1,1
2337,4,1
2337,13,1
2337,86,1
2338,4,1
2338,14,1
2338,84,1
2339,4,1
2339,14,1
2339,24,1
2340,0,1
2340,7,1
2340,81,1
2341,0,1
2341,7,1
2341,29,1
2342,0,1
2342,7,1
2342,84,1
2343,0,1
2343,7,1
2343,31,1
2344,4,1
2344,12,1
2344,84,1
2345,0,1
2345,1,1
2345,12,1
2345,84,1
2346,7,1
2346,13,1
2346,47,1
2347,4,1
2347,47,1
2348,4,1
2348,7,1
2348,47,1
2349,4,1
2349,47,1
2350,7,1
2350,15,1
2350,47,1
2351,7,1
2351,86,1
2352,0,1
2352,1,1
2352,7,1
2352,47,1
2353,0,1
2353,1,1
2353,7,1
2353,33,1
2354,4,1
2354,33,1
2355,4,1
2355,13,1
2355,59,1
2356,5,1
2356,59,1
2357,4,1
2357,7,1
2357,13,1
2357,59,1
2358,0,1
2358,7,1
2358,16,1
2358,59,1
2359,10,1
2359,14,1
2359,59,1
2360,1,1
2360,3,1
2360,7,1
2360,59,1
2361,1,1
2361,3,1
2361,7,1
2361,57,1
2362,4,1
2362,7,1
2362,59,1
2363,7,1
2363,59,1
2364,7,1
2364,59,1
2365,7,1
2365,59,1
2366,7,1
2366,59,1
2367,4,1
2367,94,1
2368,7,1
2368,54,1
2369,7,1
2369,15,1
2369,59,1
2370,7,1
2370,54,1
2371,7,1
2371,59,1
2372,7,1
2372,17,1
2372,59,1
2373,7,1
2373,59,1
2374,7,1
2374,13,1
2374,59,1
2375,4,1
2375,7,1
2375,54,1
2376,7,1
2376,94,1
2377,15,1
2377,94,1
2378,4,1
2378,7,1
2378,94,1
2379,10,1
2379,14,1
2379,94,1
2380,1,1
2380,3,1
2380,53,1
2381,1,1
2381,3,1
2381,14,1
2381,47,1
2382,10,1
2382,53,1
2383,10,1
2383,31,1
2384,7,1
2384,8,1
2384,47,1
2385,10,1
2385,14,1
2385,56,1
2386,10,1
2386,14,1
2386,47,1
2387,10,1
2387,14,1
2387,33,1
2388,0,1
2388,4,1
2388,47,1
2389,4,1
2389,5,1
2389,47,1
2390,10,1
2390,55,1
2391,10,1
2391,47,1
2392,10,1
2392,31,1
2393,10,1
2393,19,1
2394,4,1
2394,47,1
2395,10,1
2395,47,1
2396,10,1
2396,47,1
2397,7,1
2397,47,1
2398,12,1
2398,47,1
2399,0,1
2399,4,1
2399,13,1
2399,15,1
2399,47,1
2400,4,1
2400,13,1
2400,47,1
2401,1,1
2401,4,1
2401,47,1
2402,1,1
2402,4,1
2402,24,1
2403,4,1
2403,47,1
2404,4,1
2404,47,1
2405,7,1
2405,47,1
2406,0,1
2406,12,1
2406,15,1
2406,47,1
2407,0,1
2407,16,1
2407,47,1
2408,1,1
2408,47,1
2409,4,1
2409,17,1
2409,47,1
2410,7,1
2410,15,1
2410,94,1
2411,7,1
2411,54,1
2412,7,1
2412,13,1
2412,59,1
2413,4,1
2413,13,1
2413,59,1
2414,4,1
2414,10,1
2414,15,1
2414,18,1
2415,4,1
2415,59,1
2416,4,1
2416,13,1
2416,94,1
2417,7,1
2417,59,1
2418,0,1
2418,4,1
2418,59,1
2419,7,1
2419,10,1
2419,15,1
2419,40,1
2420,7,1
2420,59,1
2421,0,1
2421,15,1
2421,94,1
2422,4,1
2422,13,1
2422,94,1
2423,4,1
2423,59,1
2424,7,1
2424,54,1
2425,6,1
2425,59,1
2426,2,1
2426,14,1
2426,38,1
2427,4,1
2427,13,1
2427,94,1
2428,13,1
2428,94,1
2429,4,1
2429,14,1
2429,94,1
2430,4,1
2430,59,1
2431,4,1
2431,94,1
2432,7,1
2432,94,1
2433,4,1
2433,13,1
2433,94,1
2434,7,1
2434,59,1
2435,4,1
2435,7,1
2435,94,1
2436,15,1
2436,94,1
2437,4,1
2437,7,1
2437,13,1
2437,94,1
2438,4,1
2438,94,1
2439,7,1
2439,94,1
2440,4,1
2440,54,1
2441,4,1
2441,13,1
2441,94,1
2442,5,1
2442,38,1
2443,7,1
2443,29,1
2444,10,1
2444,33,1
2445,10,1
2445,23,1
2446,10,1
2446,22,1
2447,10,1
2447,19,1
2448,10,1
2448,85,1
2449,4,1
2449,29,1
2450,10,1
2450,56,1
2451,7,1
2451,39,1
2452,7,1
2452,55,1
2453,7,1
2453,27,1
2454,7,1
2454,15,1
2454,27,1
2455,0,1
2455,7,1
2455,55,1
2456,0,1
2456,10,1
2456,14,1
2456,45,1
2457,14,1
2457,81,1
2458,0,1
2458,14,1
2458,15,1
2458,17,1
2458,38,1
2459,0,1
2459,1,1
2459,14,1
2459,21,1
2460,0,1
2460,14,1
2460,44,1
2461,0,1
2461,14,1
2461,39,1
2462,0,1
2462,14,1
2462,38,1
2463,0,1
2463,14,1
2463,58,1
2464,0,1
2464,14,1
2464,80,1
2465,0,1
2465,83,1
2466,0,1
2466,55,1
2467,7,1
2467,81,1
2468,1,1
2468,81,1
2469,6,1
2469,59,1
2470,4,1
2470,94,1
2471,0,1
2471,5,1
2471,7,1
2471,15,1
2471,94,1
2472,7,1
2472,94,1
2473,4,1
2473,5,1
2473,15,1
2473,59,1
2474,4,1
2474,54,1
2475,7,1
2475,59,1
2476,4,1
2476,59,1
2477,7,1
2477,94,1
2478,7,1
2478,59,1
2479,10,1
2479,94,1
2480,0,1
2480,14,1
2480,94,1
2481,10,1
2481,15,1
2481,50,1
2482,7,1
2482,15,1
2482,24,1
2483,4,1
2483,22,1
2484,10,1
2484,14,1
2484,15,1
2484,40,1
2485,10,1
2485,14,1
2485,15,1
2485,50,1
2486,4,1
2486,94,1
2487,4,1
2487,7,1
2487,13,1
2487,59,1
2488,7,1
2488,59,1
2489,4,1
2489,13,1
2489,94,1
2490,2,1
2490,3,1
2490,94,1
2491,7,1
2491,10,1
2491,94,1
2492,5,1
2492,15,1
2492,94,1
2493,7,1
2493,54,1
2494,7,1
2494,59,1
2495,7,1
2495,94,1
2496,11,1
2496,42,1
2497,2,1
2497,3,1
2497,94,1
2498,4,1
2498,94,1
2499,0,1
2499,5,1
2499,94,1
2500,7,1
2500,13,1
2500,59,1
2501,7,1
2501,13,1
2501,94,1
2502,0,1
2502,14,1
2502,15,1
2502,94,1
2503,4,1
2503,13,1
2503,94,1
2504,7,1
2504,59,1
2505,4,1
2505,94,1
2506,7,1
2506,59,1
2507,7,1
2507,20,1
2508,4,1
2508,7,1
2508,54,1
2509,14,1
2509,54,1
2510,7,1
2510,59,1
2511,5,1
2511,94,1
2512,4,1
2512,13,1
2512,94,1
2513,0,1
2513,4,1
2513,23,1
2514,12,1
2514,94,1
2515,4,1
2515,94,1
2516,7,1
2516,13,1
2516,59,1
2517,4,1
2517,5,1
2517,15,1
2517,94,1
2518,4,1
2518,94,1
2519,7,1
2519,59,1
2520,4,1
2520,7,1
2520,13,1
2520,94,1
2521,7,1
2521,59,1
2522,4,1
2522,13,1
2522,59,1
2523,7,1
2523,94,1
2524,4,1
2524,19,1
2525,7,1
2525,13,1
2525,14,1
2525,54,1
2526,6,1
2526,59,1
2527,4,1
2527,7,1
2527,59,1
2528,4,1
2528,13,1
2528,94,1
2529,4,1
2529,94,1
2530,4,1
2530,94,1
2531,0,1
2531,14,1
2531,15,1
2531,94,1
2532,4,1
2532,59,1
2533,1,1
2533,14,1
2533,27,1
2534,7,1
2534,59,1
2535,6,1
2535,59,1
2536,5,1
2536,15,1
2536,94,1
2537,4,1
2537,10,1
2537,94,1
2538,7,1
2538,59,1
2539,15,1
2539,59,1
2540,7,1
2540,20,1
2541,7,1
2541,94,1
2542,7,1
2542,59,1
2543,7,1
2543,73,1
2544,0,1
2544,10,1
2544,14,1
2544,86,1
2545,0,1
2545,10,1
2545,14,1
2545,47,1
2546,1,1
2546,14,1
2546,84,1
2547,0,1
2547,5,1
2547,31,1
2548,0,1
2548,1,1
2548,10,1
2548,15,1
2548,94,1
2549,4,1
2549,54,1
2550,7,1
2550,94,1
2551,7,1
2551,13,1
2551,59,1
2552,7,1
2552,13,1
2552,59,1
2553,4,1
2553,8,1
2553,94,1
2554,4,1
2554,94,1
2555,7,1
2555,59,1
2556,0,1
2556,20,1
2557,4,1
2557,7,1
2557,13,1
2557,59,1
2558,6,1
2558,7,1
2558,59,1
2559,0,1
2559,1,1
2559,8,1
2559,14,1
2559,94,1
2560,4,1
2560,13,1
2560,94,1
2561,7,1
2561,59,1
2562,4,1
2562,9,1
2562,15,1
2562,59,1
2563,7,1
2563,28,1
2564,10,1
2564,13,1
2564,78,1
2565,10,1
2565,43,1
2566,10,1
2566,67,1
2567,10,1
2567,67,1
2568,10,1
2568,35,1
2569,10,1
2569,68,1
2570,7,1
2570,37,1
2571,0,1
2571,1,1
2571,14,1
2571,83,1
2572,0,1
2572,1,1
2572,14,1
2572,45,1
2573,0,1
2573,1,1
2573,14,1
2573,85,1
2574,0,1
2574,1,1
2574,14,1
2574,53,1
2575,10,1
2575,87,1
2576,10,1
2576,56,1
2577,10,1
2577,73,1
2578,10,1
2578,67,1
2579,10,1
2579,87,1
2580,10,1
2580,71,1
2581,10,1
2581,68,1
2582,10,1
2582,49,1
2583,10,1
2583,63,1
2584,10,1
2584,49,1
2585,10,1
2585,69,1
2586,10,1
2586,84,1
2587,10,1
2587,14,1
2587,41,1
2588,4,1
2588,10,1
2588,11,1
2588,14,1
2588,46,1
2589,14,1
2589,51,1
2590,4,1
2590,6,1
2590,29,1
2591,14,1
2591,62,1
2592,14,1
2592,70,1
2593,0,1
2593,14,1
2593,16,1
2593,70,1
2594,14,1
2594,41,1
2595,10,1
2595,14,1
2595,42,1
2596,14,1
2596,42,1
2597,14,1
2597,42,1
2598,14,1
2598,42,1
2599,10,1
2599,14,1
2599,29,1
2600,16,1
2600,43,1
2601,16,1
2601,56,1
2602,4,1
2602,13,1
2602,94,1
2603,7,1
2603,14,1
2603,15,1
2603,94,1
2604,7,1
2604,59,1
2605,7,1
2605,94,1
2606,4,1
2606,7,1
2606,13,1
2606,59,1
2607,7,1
2607,15,1
2607,94,1
2608,6,1
2608,94,1
2609,7,1
2609,94,1
2610,7,1
2610,13,1
2610,94,1
2611,7,1
2611,54,1
2612,4,1
2612,13,1
2612,14,1
2612,59,1
2613,7,1
2613,94,1
2614,4,1
2614,94,1
2615,4,1
2615,7,1
2615,94,1
2616,4,1
2616,7,1
2616,59,1
2617,7,1
2617,12,1
2617,59,1
2618,2,1
2618,3,1
2618,94,1
2619,7,1
2619,15,1
2619,94,1
2620,6,1
2620,94,1
2621,4,1
2621,94,1
2622,7,1
2622,59,1
2623,0,1
2623,5,1
2623,13,1
2623,59,1
2624,6,1
2624,54,1
2625,4,1
2625,94,1
2626,7,1
2626,54,1
2627,4,1
2627,59,1
2628,4,1
2628,7,1
2628,13,1
2628,59,1
2629,14,1
2629,54,1
2630,0,1
2630,4,1
2630,14,1
2630,15,1
2630,31,1
2631,2,1
2631,4,1
2631,94,1
2632,0,1
2632,14,1
2632,17,1
2632,94,1
2633,7,1
2633,94,1
2634,7,1
2634,59,1
2635,7,1
2635,13,1
2635,32,1
2636,7,1
2636,59,1
2637,4,1
2637,94,1
2638,15,1
2638,94,1
2639,13,1
2639,59,1
2640,3,1
2640,4,1
2640,94,1
2641,10,1
2641,94,1
2642,7,1
2642,94,1
2643,7,1
2643,94,1
2644,10,1
2644,15,1
2644,94,1
2645,7,1
2645,94,1
2646,4,1
2646,13,1
2646,59,1
2647,4,1
2647,10,1
2647,86,1
2648,4,1
2648,10,1
2648,33,1
2649,4,1
2649,94,1
2650,10,1
2650,15,1
2650,94,1
2651,0,1
2651,1,1
2651,3,1
2651,4,1
2651,94,1
2652,13,1
2652,94,1
2653,0,1
2653,14,1
2653,15,1
2653,94,1
2654,0,1
2654,1,1
2654,4,1
2654,94,1
2655,4,1
2655,13,1
2655,94,1
2656,7,1
2656,94,1
2657,5,1
2657,9,1
2657,42,1
2658,9,1
2658,41,1
2659,7,1
2659,40,1
2660,7,1
2660,30,1
2661,7,1
2661,46,1
2662,7,1
2662,43,1
2663,7,1
2663,64,1
2664,1,1
2664,4,1
2664,24,1
2665,7,1
2665,47,1
2666,0,1
2666,1,1
2666,4,1
2666,47,1
2667,4,1
2667,47,1
2668,0,1
2668,53,1
2669,4,1
2669,7,1
2669,47,1
2670,7,1
2670,84,1
2671,10,1
2671,47,1
2672,0,1
2672,15,1
2672,47,1
2673,4,1
2673,7,1
2673,47,1
2674,7,1
2674,47,1
2675,7,1
2675,47,1
2676,7,1
2676,47,1
2677,4,1
2677,10,1
2677,11,1
2677,47,1
2678,4,1
2678,10,1
2678,40,1
2679,0,1
2679,1,1
2679,53,1
2680,7,1
2680,12,1
2680,47,1
2681,4,1
2681,7,1
2681,53,1
2682,4,1
2682,53,1
2683,4,1
2683,12,1
2683,53,1
2684,15,1
2684,53,1
2685,10,1
2685,53,1
2686,7,1
2686,53,1
2687,0,1
2687,53,1
2688,7,1
2688,29,1
2689,7,1
2689,84,1
2690,4,1
2690,94,1
2691,7,1
2691,54,1
2692,2,1
2692,3,1
2692,94,1
2693,15,1
2693,94,1
2694,0,1
2694,15,1
2694,94,1
2695,5,1
2695,7,1
2695,15,1
2695,44,1
2696,4,1
2696,7,1
2696,59,1
2697,4,1
2697,7,1
2697,59,1
2698,4,1
2698,59,1
2699,4,1
2699,59,1
2700,5,1
2700,12,1
2700,94,1
2701,4,1
2701,94,1
2702,7,1
2702,94,1
2703,4,1
2703,94,1
2704,7,1
2704,59,1
2705,4,1
2705,13,1
2705,94,1
2706,7,1
2706,59,1
2707,6,1
2707,54,1
2708,7,1
2708,92,1
2709,15,1
2709,18,1
2710,4,1
2710,83,1
2711,4,1
2711,10,1
2711,50,1
2712,10,1
2712,43,1
2713,10,1
2713,64,1
2714,10,1
2714,28,1
2715,10,1
2715,26,1
2716,10,1
2716,30,1
2717,4,1
2717,47,1
2718,10,1
2718,84,1
2719,4,1
2719,80,1
2720,10,1
2720,83,1
2721,10,1
2721,37,1
2722,4,1
2722,45,1
2723,4,1
2723,29,1
2724,4,1
2724,10,1
2724,54,1
2725,4,1
2725,84,1
2726,4,1
2726,85,1
2727,4,1
2727,24,1
2728,4,1
2728,8,1
2728,24,1
2729,4,1
2729,31,1
2730,4,1
2730,32,1
2731,2,1
2731,3,1
2731,23,1
2732,7,1
2732,13,1
2732,54,1
2733,0,1
2733,13,1
2733,15,1
2733,24,1
2734,15,1
2734,22,1
2735,4,1
2735,7,1
2735,85,1
2736,4,1
2736,13,1
2736,94,1
2737,4,1
2737,15,1
2737,94,1
2738,0,1
2738,14,1
2738,94,1
2739,0,1
2739,14,1
2739,23,1
2740,4,1
2740,94,1
2741,2,1
2741,12,1
2741,54,1
2742,4,1
2742,59,1
2743,0,1
2743,15,1
2743,94,1
2744,6,1
2744,94,1
2745,10,1
2745,43,1
2746,0,1
2746,16,1
2746,47,1
2747,0,1
2747,16,1
2747,24,1
2748,0,1
2748,16,1
2748,23,1
2749,0,1
2749,16,1
2749,18,1
2750,15,1
2750,46,1
2751,7,1
2751,26,1
2752,1,1
2752,7,1
2752,95,1
2753,1,1
2753,13,1
2753,23,1
2754,0,1
2754,7,1
2754,95,1
2755,6,1
2755,94,1
2756,7,1
2756,59,1
2757,0,1
2757,10,1
2757,15,1
2757,94,1
2758,14,1
2758,15,1
2758,94,1
2759,3,1
2759,4,1
2759,94,1
2760,4,1
2760,7,1
2760,94,1
2761,7,1
2761,59,1
2762,7,1
2762,94,1
2763,7,1
2763,94,1
2764,13,1
2764,16,1
2764,54,1
2765,4,1
2765,13,1
2765,59,1
2766,0,1
2766,15,1
2766,94,1
2767,4,1
2767,94,1
2768,4,1
2768,13,1
2768,59,1
2769,4,1
2769,59,1
2770,7,1
2770,59,1
2771,15,1
2771,94,1
2772,15,1
2772,94,1
2773,5,1
2773,7,1
2773,94,1
2774,4,1
2774,13,1
2774,59,1
2775,7,1
2775,12,1
2775,94,1
2776,7,1
2776,94,1
2777,3,1
2777,47,1
2778,7,1
2778,71,1
2779,7,1
2779,61,1
2780,4,1
2780,7,1
2780,32,1
2781,7,1
2781,15,1
2781,22,1
2782,1,1
2782,14,1
2782,15,1
2782,81,1
2783,7,1
2783,86,1
2784,10,1
2784,27,1
2785,10,1
2785,38,1
2786,10,1
2786,85,1
2787,15,1
2787,28,1
2788,2,1
2788,11,1
2788,44,1
2789,4,1
2789,7,1
2789,94,1
2790,6,1
2790,86,1
2791,4,1
2791,94,1
2792,4,1
2792,7,1
2792,94,1
2793,7,1
2793,45,1
2794,4,1
2794,11,1
2794,26,1
2795,4,1
2795,94,1
2796,4,1
2796,94,1
2797,7,1
2797,83,1
2798,4,1
2798,10,1
2798,84,1
2799,10,1
2799,33,1
2800,7,1
2800,19,1
2801,4,1
2801,25,1
2802,1,1
2802,15,1
2802,58,1
2803,0,1
2803,7,1
2803,8,1
2803,13,1
2803,37,1
2804,7,1
2804,12,1
2804,13,1
2804,59,1
2805,4,1
2805,63,1
2806,7,1
2806,12,1
2806,13,1
2806,22,1
2807,2,1
2807,3,1
2807,19,1
2808,7,1
2808,11,1
2808,46,1
2809,10,1
2809,37,1
2810,0,1
2810,1,1
2810,4,1
2810,31,1
2811,0,1
2811,1,1
2811,4,1
2811,31,1
2812,0,1
2812,15,1
2812,94,1
2813,7,1
2813,94,1
2814,4,1
2814,94,1
2815,4,1
2815,13,1
2815,59,1
2816,7,1
2816,13,1
2816,94,1
2817,3,1
2817,4,1
2817,94,1
2818,7,1
2818,94,1
2819,4,1
2819,13,1
2819,94,1
2820,4,1
2820,94,1
2821,7,1
2821,16,1
2821,94,1
2822,4,1
2822,94,1
2823,0,1
2823,7,1
2823,59,1
2824,0,1
2824,7,1
2824,94,1
2825,7,1
2825,13,1
2825,94,1
2826,1,1
2826,58,1
2827,17,1
2827,82,1
2828,4,1
2828,16,1
2828,86,1
2829,10,1
2829,12,1
2829,22,1
2830,1,1
2830,2,1
2830,3,1
2830,71,1
2831,10,1
2831,14,1
2831,24,1
2832,10,1
2832,14,1
2832,81,1
2833,10,1
2833,15,1
2833,85,1
2834,10,1
2834,15,1
2834,47,1
2835,7,1
2835,78,1
2836,0,1
2836,1,1
2836,30,1
2837,7,1
2837,13,1
2837,94,1
2838,4,1
2838,94,1
2839,7,1
2839,94,1
2840,6,1
2840,59,1
2841,7,1
2841,13,1
2841,59,1
2842,7,1
2842,59,1
2843,0,1
2843,5,1
2843,7,1
2843,94,1
2844,4,1
2844,59,1
2845,4,1
2845,7,1
2845,94,1
2846,4,1
2846,85,1
2847,0,1
2847,1,1
2847,14,1
2847,15,1
2847,31,1
2848,5,1
2848,15,1
2848,37,1
2849,4,1
2849,47,1
2850,7,1
2850,13,1
2850,29,1
2851,7,1
2851,13,1
2851,73,1
2852,17,1
2852,58,1
2853,17,1
2853,25,1
2854,4,1
2854,27,1
2855,0,1
2855,4,1
2855,81,1
2856,7,1
2856,39,1
2857,4,1
2857,7,1
2857,24,1
2858,7,1
2858,13,1
2858,52,1
2859,7,1
2859,86,1
2860,7,1
2860,37,1
2861,6,1
2861,59,1
2862,7,1
2862,33,1
2863,7,1
2863,83,1
2864,7,1
2864,50,1
2865,11,1
2865,47,1
2866,4,1
2866,13,1
2866,69,1
2867,4,1
2867,68,1
2868,4,1
2868,68,1
2869,7,1
2869,47,1
2870,7,1
2870,15,1
2870,70,1
2871,9,1
2871,52,1
2872,11,1
2872,13,1
2872,16,1
2872,56,1
2873,7,1
2873,13,1
2873,85,1
2874,7,1
2874,13,1
2874,23,1
2875,0,1
2875,16,1
2875,25,1
2876,12,1
2876,86,1
2877,4,1
2877,11,1
2877,28,1
2878,0,1
2878,26,1
2879,0,1
2879,50,1
2880,0,1
2880,30,1
2881,1,1
2881,7,1
2881,13,1
2881,45,1
2882,0,1
2882,17,1
2882,26,1
2883,5,1
2883,15,1
2883,20,1
2884,3,1
2884,4,1
2884,23,1
2885,7,1
2885,81,1
2886,7,1
2886,29,1
2887,0,1
2887,5,1
2887,15,1
2887,53,1
2888,7,1
2888,77,1
2889,7,1
2889,59,1
2890,7,1
2890,94,1
2891,7,1
2891,94,1
2892,4,1
2892,7,1
2892,94,1
2893,4,1
2893,13,1
2893,54,1
2894,5,1
2894,7,1
2894,94,1
2895,7,1
2895,94,1
2896,0,1
2896,94,1
2897,7,1
2897,94,1
2898,7,1
2898,15,1
2898,42,1
2899,1,1
2899,8,1
2899,14,1
2899,37,1
2900,7,1
2900,13,1
2900,82,1
2901,1,1
2901,7,1
2901,29,1
2902,11,1
2902,81,1
2903,7,1
2903,16,1
2903,53,1
2904,4,1
2904,33,1
2905,10,1
2905,15,1
2905,94,1
2906,7,1
2906,94,1
2907,7,1
2907,10,1
2907,94,1
2908,4,1
2908,7,1
2908,94,1
2909,4,1
2909,13,1
2909,94,1
2910,7,1
2910,94,1
2911,7,1
2911,54,1
2912,6,1
2912,46,1
2913,10,1
2913,15,1
2913,31,1
2914,15,1
2914,28,1
2915,6,1
2915,80,1
2916,0,1
2916,5,1
2916,14,1
2916,53,1
2917,0,1
2917,5,1
2917,14,1
2917,31,1
2918,1,1
2918,2,1
2918,9,1
2918,24,1
2919,7,1
2919,45,1
2920,0,1
2920,37,1
2921,0,1
2921,33,1
2922,0,1
2922,38,1
2923,10,1
2923,15,1
2923,47,1
2924,0,1
2924,28,1
2925,7,1
2925,59,1
2926,10,1
2926,94,1
2927,7,1
2927,94,1
2928,4,1
2928,94,1
2929,13,1
2929,59,1
2930,4,1
2930,94,1
2931,0,1
2931,1,1
2931,2,1
2931,54,1
2932,7,1
2932,94,1
2933,6,1
2933,94,1
2934,4,1
2934,7,1
2934,59,1
2935,4,1
2935,13,1
2935,94,1
2936,15,1
2936,94,1
2937,7,1
2937,94,1
2938,6,1
2938,94,1
2939,15,1
2939,59,1
2940,7,1
2940,20,1
2941,7,1
2941,94,1
2942,7,1
2942,36,1
2943,4,1
2943,77,1
2944,4,1
2944,10,1
2944,31,1
2945,4,1
2945,37,1
2946,15,1
2946,83,1
2947,10,1
2947,29,1
2948,10,1
2948,53,1
2949,10,1
2949,84,1
2950,5,1
2950,7,1
2950,33,1
2951,0,1
2951,7,1
2951,22,1
2952,10,1
2952,37,1
2953,4,1
2953,89,1
2954,4,1
2954,13,1
2954,89,1
2955,10,1
2955,14,1
2955,83,1
2956,17,1
2956,25,1
2957,10,1
2957,53,1
2958,10,1
2958,24,1
2959,4,1
2959,25,1
2960,0,1
2960,7,1
2960,37,1
2961,4,1
2961,7,1
2961,17,1
2961,64,1
2962,4,1
2962,31,1
2963,14,1
2963,80,1
2964,4,1
2964,14,1
2964,53,1
2965,2,1
2965,3,1
2965,38,1
2966,4,1
2966,7,1
2966,16,1
2966,41,1
2967,1,1
2967,37,1
2968,4,1
2968,7,1
2968,17,1
2968,39,1
2969,7,1
2969,63,1
2970,4,1
2970,85,1
2971,4,1
2971,81,1
2972,4,1
2972,86,1
2973,4,1
2973,53,1
2974,4,1
2974,23,1
2975,12,1
2975,13,1
2975,15,1
2975,32,1
2976,4,1
2976,7,1
2976,23,1
2977,4,1
2977,13,1
2977,18,1
2978,7,1
2978,29,1
2979,4,1
2979,37,1
2980,4,1
2980,16,1
2980,25,1
2981,7,1
2981,94,1
2982,7,1
2982,94,1
2983,4,1
2983,94,1
2984,7,1
2984,16,1
2984,94,1
2985,2,1
2985,3,1
2985,59,1
2986,15,1
2986,94,1
2987,15,1
2987,94,1
2988,4,1
2988,94,1
2989,10,1
2989,14,1
2989,35,1
2990,7,1
2990,35,1
2991,4,1
2991,7,1
2991,32,1
2992,4,1
2992,11,1
2992,68,1
2993,0,1
2993,7,1
2993,16,1
2993,30,1
2994,15,1
2994,23,1
2995,15,1
2995,54,1
2996,7,1
2996,54,1
2997,16,1
2997,39,1
2998,4,1
2998,7,1
2998,24,1
2999,7,1
2999,29,1
3000,7,1
3000,58,1
3001,1,1
3001,4,1
3001,14,1
3001,86,1
3002,7,1
3002,53,1
3003,4,1
3003,53,1
3004,7,1
3004,13,1
3004,28,1
3005,17,1
3005,58,1
3006,15,1
3006,28,1
3007,4,1
3007,50,1
3008,6,1
3008,59,1
3009,7,1
3009,94,1
3010,7,1
3010,94,1
3011,7,1
3011,14,1
3011,59,1
3012,10,1
3012,13,1
3012,94,1
3013,0,1
3013,15,1
3013,94,1
3014,4,1
3014,7,1
3014,94,1
3015,6,1
3015,94,1
3016,10,1
3016,29,1
3017,4,1
3017,66,1
3018,4,1
3018,24,1
3019,4,1
3019,51,1
3020,7,1
3020,48,1
3021,7,1
3021,53,1
3022,7,1
3022,16,1
3022,45,1
3023,7,1
3023,30,1
3024,7,1
3024,17,1
3024,80,1
3025,7,1
3025,13,1
3025,53,1
3026,7,1
3026,35,1
3027,4,1
3027,63,1
3028,4,1
3028,13,1
3028,35,1
3029,7,1
3029,86,1
3030,4,1
3030,13,1
3030,46,1
3031,7,1
3031,23,1
3032,15,1
3032,53,1
3033,15,1
3033,84,1
3034,7,1
3034,13,1
3034,31,1
3035,0,1
3035,1,1
3035,4,1
3035,5,1
3035,24,1
3036,7,1
3036,31,1
3037,7,1
3037,13,1
3037,31,1
3038,0,1
3038,7,1
3038,32,1
3039,4,1
3039,7,1
3039,13,1
3039,32,1
3040,7,1
3040,86,1
3041,7,1
3041,86,1
3042,7,1
3042,86,1
3043,7,1
3043,47,1
3044,0,1
3044,15,1
3044,94,1
3045,2,1
3045,3,1
3045,4,1
3045,94,1
3046,7,1
3046,94,1
3047,7,1
3047,94,1
3048,7,1
3048,13,1
3048,16,1
3048,94,1
3049,7,1
3049,94,1
3050,10,1
3050,80,1
3051,4,1
3051,23,1
3052,9,1
3052,70,1
3053,7,1
3053,13,1
3053,17,1
3053,35,1
3054,4,1
3054,33,1
3055,4,1
3055,7,1
3055,94,1
3056,7,1
3056,94,1
3057,7,1
3057,41,1
3058,7,1
3058,94,1
3059,7,1
3059,94,1
3060,4,1
3060,7,1
3060,94,1
3061,4,1
3061,31,1
3062,4,1
3062,54,1
3063,4,1
3063,95,1
3064,4,1
3064,92,1
3065,7,1
3065,16,1
3065,34,1
3066,7,1
3066,81,1
3067,6,1
3067,63,1
3068,0,1
3068,16,1
3068,45,1
3069,7,1
3069,24,1
3070,0,1
3070,1,1
3070,60,1
3071,4,1
3071,93,1
3072,7,1
3072,31,1
3073,6,1
3073,11,1
3073,24,1
3074,7,1
3074,16,1
3074,44,1
3075,4,1
3075,13,1
3075,82,1
3076,7,1
3076,94,1
3077,4,1
3077,94,1
3078,7,1
3078,15,1
3078,94,1
3079,7,1
3079,94,1
3080,12,1
3080,94,1
3081,7,1
3081,94,1
3082,5,1
3082,7,1
3082,12,1
3082,79,1
3083,7,1
3083,80,1
3084,0,1
3084,1,1
3084,8,1
3084,56,1
3085,7,1
3085,16,1
3085,73,1
3086,7,1
3086,13,1
3086,94,1
3087,4,1
3087,7,1
3087,14,1
3087,94,1
3088,3,1
3088,4,1
3088,94,1
3089,7,1
3089,94,1
3090,2,1
3090,3,1
3090,11,1
3090,94,1
3091,7,1
3091,94,1
3092,7,1
3092,94,1
3093,4,1
3093,7,1
3093,94,1
3094,7,1
3094,94,1
3095,7,1
3095,44,1
3096,0,1
3096,7,1
3096,22,1
3097,1,1
3097,33,1
3098,7,1
3098,80,1
3099,1,1
3099,7,1
3099,36,1
3100,7,1
3100,86,1
3101,17,1
3101,35,1
3102,7,1
3102,43,1
3103,1,1
3103,65,1
3104,7,1
3104,94,1
3105,4,1
3105,7,1
3105,94,1
3106,1,1
3106,4,1
3106,14,1
3106,94,1
3107,7,1
3107,12,1
3107,15,1
3107,94,1
3108,4,1
3108,94,1
3109,7,1
3109,94,1
3110,7,1
3110,94,1
3111,4,1
3111,7,1
3111,94,1
3112,7,1
3112,94,1
3113,6,1
3113,94,1
3114,7,1
3114,94,1
3115,0,1
3115,4,1
3115,5,1
3115,7,1
3115,59,1
3116,7,1
3116,94,1
3117,7,1
3117,94,1
3118,7,1
3118,59,1
3119,6,1
3119,59,1
3120,4,1
3120,94,1
3121,1,1
3121,14,1
3121,96,1
3122,7,1
3122,59,1
3123,7,1
3123,59,1
3124,6,1
3124,94,1
3125,7,1
3125,38,1
3126,7,1
3126,88,1
3127,7,1
3127,16,1
3127,70,1
3128,0,1
3128,24,1
3129,7,1
3129,38,1
3130,4,1
3130,11,1
3130,13,1
3130,63,1
3131,4,1
3131,7,1
3131,38,1
3132,7,1
3132,39,1
3133,7,1
3133,80,1
3134,15,1
3134,33,1
3135,15,1
3135,83,1
3136,10,1
3136,40,1
3137,13,1
3137,86,1
3138,1,1
3138,61,1
3139,0,1
3139,4,1
3139,22,1
3140,7,1
3140,48,1
3141,4,1
3141,29,1
3142,7,1
3142,24,1
3143,7,1
3143,80,1
3144,2,1
3144,3,1
3144,22,1
3145,7,1
3145,84,1
3146,7,1
3146,21,1
3147,10,1
3147,39,1
3148,7,1
3148,34,1
3149,7,1
3149,32,1
3150,15,1
3150,31,1
3151,7,1
3151,64,1
3152,7,1
3152,29,1
3153,7,1
3153,86,1
3154,7,1
3154,84,1
3155,7,1
3155,26,1
3156,4,1
3156,13,1
3156,96,1
3157,6,1
3157,94,1
3158,4,1
3158,7,1
3158,15,1
3158,20,1
3159,4,1
3159,94,1
3160,5,1
3160,7,1
3160,61,1
3161,15,1
3161,55,1
3162,4,1
3162,97,1
3163,4,1
3163,92,1
3164,4,1
3164,25,1
3165,4,1
3165,83,1
3166,4,1
3166,45,1
3167,17,1
3167,80,1
3168,6,1
3168,59,1
3169,15,1
3169,94,1
3170,4,1
3170,96,1
3171,4,1
3171,94,1
3172,4,1
3172,94,1
3173,4,1
3173,54,1
3174,4,1
3174,23,1
3175,4,1
3175,13,1
3175,27,1
3176,7,1
3176,26,1
3177,7,1
3177,23,1
3178,4,1
3178,5,1
3178,23,1
3179,4,1
3179,22,1
3180,15,1
3180,23,1
3181,7,1
3181,22,1
3182,7,1
3182,12,1
3182,84,1
3183,7,1
3183,23,1
3184,4,1
3184,23,1
3185,4,1
3185,22,1
3186,4,1
3186,7,1
3186,23,1
3187,0,1
3187,15,1
3187,23,1
3188,0,1
3188,7,1
3188,13,1
3188,15,1
3188,23,1
3189,4,1
3189,23,1
3190,7,1
3190,13,1
3190,23,1
3191,7,1
3191,23,1
3192,4,1
3192,7,1
3192,13,1
3192,23,1
3193,7,1
3193,12,1
3193,23,1
3194,4,1
3194,23,1
3195,4,1
3195,10,1
3195,23,1
3196,0,1
3196,5,1
3196,23,1
3197,0,1
3197,4,1
3197,5,1
3197,7,1
3197,23,1
3198,0,1
3198,15,1
3198,23,1
3199,0,1
3199,4,1
3199,23,1
3200,1,1
3200,13,1
3200,14,1
3200,23,1
3201,7,1
3201,23,1
3202,7,1
3202,23,1
3203,5,1
3203,7,1
3203,23,1
3204,10,1
3204,12,1
3204,15,1
3204,96,1
3205,0,1
3205,23,1
3206,0,1
3206,4,1
3206,94,1
3207,4,1
3207,96,1
3208,7,1
3208,94,1
3209,6,1
3209,94,1
3210,0,1
3210,1,1
3210,94,1
3211,10,1
3211,38,1
3212,6,1
3212,59,1
3213,4,1
3213,20,1
3214,0,1
3214,80,1
3215,4,1
3215,13,1
3215,80,1
3216,1,1
3216,7,1
3216,96,1
3217,4,1
3217,96,1
3218,2,1
3218,3,1
3218,96,1
3219,7,1
3219,94,1
3220,7,1
3220,94,1
3221,4,1
3221,94,1
3222,15,1
3222,96,1
3223,9,1
3223,41,1
3224,7,1
3224,14,1
3224,54,1
3225,10,1
3225,21,1
3226,7,1
3226,22,1
3227,7,1
3227,25,1
3228,6,1
3228,79,1
3229,7,1
3229,96,1
3230,4,1
3230,7,1
3230,96,1
3231,0,1
3231,14,1
3231,96,1
3232,4,1
3232,5,1
3232,96,1
3233,4,1
3233,94,1
3234,6,1
3234,94,1
3235,5,1
3235,7,1
3235,83,1
3236,9,1
3236,10,1
3236,67,1
3237,4,1
3237,91,1
3238,4,1
3238,7,1
3238,13,1
3238,87,1
3239,4,1
3239,7,1
3239,86,1
3240,4,1
3240,97,1
3241,0,1
3241,98,1
3242,17,1
3242,41,1
3243,7,1
3243,46,1
3244,4,1
3244,29,1
3245,0,1
3245,7,1
3245,61,1
3246,11,1
3246,62,1
3247,0,1
3247,15,1
3247,96,1
3248,4,1
3248,7,1
3248,96,1
3249,15,1
3249,59,1
3250,7,1
3250,94,1
3251,4,1
3251,13,1
3251,94,1
3252,4,1
3252,96,1
3253,4,1
3253,96,1
3254,4,1
3254,5,1
3254,96,1
3255,4,1
3255,96,1
3256,4,1
3256,7,1
3256,96,1
3257,4,1
3257,14,1
3257,96,1
3258,6,1
3258,96,1
3259,5,1
3259,7,1
3259,94,1
3260,7,1
3260,53,1
3261,7,1
3261,64,1
3262,7,1
3262,85,1
3263,1,1
3263,3,1
3263,30,1
3264,7,1
3264,44,1
3265,5,1
3265,7,1
3265,9,1
3265,15,1
3265,48,1
3266,5,1
3266,7,1
3266,65,1
3267,7,1
3267,64,1
3268,4,1
3268,7,1
3268,25,1
3269,6,1
3269,33,1
3270,16,1
3270,27,1
3271,10,1
3271,14,1
3271,42,1
3272,4,1
3272,51,1
3273,7,1
3273,16,1
3273,86,1
3274,4,1
3274,7,1
3274,13,1
3274,24,1
3275,10,1
3275,50,1
3276,1,1
3276,3,1
3276,25,1
3277,10,1
3277,28,1
3278,7,1
3278,85,1
3279,5,1
3279,15,1
3279,39,1
3280,4,1
3280,72,1
3281,7,1
3281,64,1
3282,10,1
3282,26,1
3283,7,1
3283,59,1
3284,4,1
3284,13,1
3284,96,1
3285,14,1
3285,96,1
3286,15,1
3286,96,1
3287,6,1
3287,96,1
3288,7,1
3288,13,1
3288,94,1
3289,4,1
3289,13,1
3289,32,1
3290,7,1
3290,81,1
3291,7,1
3291,47,1
3292,4,1
3292,24,1
3293,4,1
3293,5,1
3293,7,1
3293,46,1
3294,4,1
3294,7,1
3294,38,1
3295,5,1
3295,9,1
3295,51,1
3296,17,1
3296,42,1
3297,0,1
3297,1,1
3297,16,1
3297,36,1
3298,16,1
3298,44,1
3299,13,1
3299,17,1
3299,56,1
3300,5,1
3300,50,1
3301,7,1
3301,15,1
3301,24,1
3302,7,1
3302,21,1
3303,0,1
3303,16,1
3303,36,1
3304,17,1
3304,58,1
3305,7,1
3305,23,1
3306,14,1
3306,51,1
3307,13,1
3307,57,1
3308,7,1
3308,16,1
3308,49,1
3309,7,1
3309,20,1
3310,7,1
3310,43,1
3311,9,1
3311,72,1
3312,4,1
3312,7,1
3312,54,1
3313,7,1
3313,76,1
3314,7,1
3314,11,1
3314,34,1
3315,0,1
3315,55,1
3316,4,1
3316,84,1
3317,7,1
3317,12,1
3317,32,1
3318,4,1
3318,33,1
3319,4,1
3319,53,1
3320,0,1
3320,1,1
3320,47,1
3321,1,1
3321,47,1
3322,4,1
3322,53,1
3323,4,1
3323,33,1
3324,4,1
3324,8,1
3324,53,1
3325,4,1
3325,13,1
3325,53,1
3326,4,1
3326,53,1
3327,3,1
3327,4,1
3327,81,1
3328,3,1
3328,4,1
3328,37,1
3329,3,1
3329,4,1
3329,86,1
3330,3,1
3330,4,1
3330,84,1
3331,2,1
3331,3,1
3331,22,1
3332,1,1
3332,14,1
3332,84,1
3333,7,1
3333,84,1
3334,7,1
3334,15,1
3334,45,1
3335,0,1
3335,7,1
3335,70,1
3336,0,1
3336,7,1
3336,56,1
3337,0,1
3337,1,1
3337,16,1
3337,62,1
3338,4,1
3338,7,1
3338,94,1
3339,7,1
3339,96,1
3340,7,1
3340,15,1
3340,96,1
3341,4,1
3341,7,1
3341,94,1
3342,7,1
3342,59,1
3343,1,1
3343,24,1
3344,5,1
3344,7,1
3344,57,1
3345,13,1
3345,41,1
3346,7,1
3346,46,1
3347,7,1
3347,50,1
3348,1,1
3348,4,1
3348,14,1
3348,61,1
3349,0,1
3349,7,1
3349,32,1
3350,4,1
3350,5,1
3350,39,1
3351,7,1
3351,15,1
3351,81,1
3352,4,1
3352,83,1
3353,4,1
3353,13,1
3353,47,1
3354,7,1
3354,24,1
3355,4,1
3355,7,1
3355,33,1
3356,7,1
3356,31,1
3357,7,1
3357,13,1
3357,32,1
3358,5,1
3358,44,1
3359,7,1
3359,81,1
3360,2,1
3360,4,1
3360,31,1
3361,0,1
3361,7,1
3361,55,1
3362,0,1
3362,7,1
3362,29,1
3363,0,1
3363,7,1
3363,84,1
3364,0,1
3364,7,1
3364,53,1
3365,0,1
3365,7,1
3365,19,1
3366,5,1
3366,9,1
3366,67,1
3367,7,1
3367,13,1
3367,32,1
3368,7,1
3368,32,1
3369,0,1
3369,3,1
3369,8,1
3369,31,1
3370,0,1
3370,3,1
3370,8,1
3370,32,1
3371,0,1
3371,3,1
3371,8,1
3371,22,1
3372,0,1
3372,16,1
3372,86,1
3373,0,1
3373,47,1
3374,0,1
3374,7,1
3374,15,1
3374,47,1
3375,0,1
3375,24,1
3376,12,1
3376,15,1
3376,83,1
3377,4,1
3377,18,1
3378,7,1
3378,34,1
3379,4,1
3379,7,1
3379,16,1
3379,53,1
3380,7,1
3380,24,1
3381,4,1
3381,22,1
3382,4,1
3382,7,1
3382,25,1
3383,0,1
3383,13,1
3383,96,1
3384,7,1
3384,13,1
3384,96,1
3385,4,1
3385,13,1
3385,96,1
3386,7,1
3386,15,1
3386,94,1
3387,7,1
3387,94,1
3388,7,1
3388,94,1
3389,7,1
3389,13,1
3389,33,1
3390,7,1
3390,10,1
3390,47,1
3391,4,1
3391,25,1
3392,1,1
3392,7,1
3392,15,1
3392,50,1
3393,4,1
3393,76,1
3394,4,1
3394,19,1
3395,14,1
3395,15,1
3395,22,1
3396,7,1
3396,47,1
3397,4,1
3397,8,1
3397,22,1
3398,7,1
3398,17,1
3398,50,1
3399,7,1
3399,64,1
3400,7,1
3400,40,1
3401,1,1
3401,7,1
3401,55,1
3402,7,1
3402,14,1
3402,27,1
3403,10,1
3403,40,1
3404,4,1
3404,21,1
3405,14,1
3405,15,1
3405,54,1
3406,7,1
3406,13,1
3406,62,1
3407,10,1
3407,12,1
3407,15,1
3407,31,1
3408,4,1
3408,7,1
3408,18,1
3409,7,1
3409,53,1
3410,1,1
3410,8,1
3410,13,1
3410,84,1
3411,7,1
3411,47,1
3412,4,1
3412,96,1
3413,7,1
3413,96,1
3414,2,1
3414,3,1
3414,96,1
3415,15,1
3415,96,1
3416,10,1
3416,46,1
3417,14,1
3417,65,1
3418,17,1
3418,25,1
3419,10,1
3419,14,1
3419,43,1
3420,1,1
3420,8,1
3420,32,1
3421,10,1
3421,58,1
3422,4,1
3422,47,1
3423,1,1
3423,77,1
3424,10,1
3424,38,1
3425,1,1
3425,17,1
3425,36,1
3426,4,1
3426,7,1
3426,23,1
3427,7,1
3427,24,1
3428,4,1
3428,85,1
3429,7,1
3429,83,1
3430,10,1
3430,31,1
3431,4,1
3431,7,1
3431,23,1
3432,4,1
3432,13,1
3432,84,1
3433,7,1
3433,22,1
3434,7,1
3434,14,1
3434,58,1
3435,4,1
3435,7,1
3435,21,1
3436,15,1
3436,53,1
3437,4,1
3437,7,1
3437,81,1
3438,4,1
3438,44,1
3439,17,1
3439,21,1
3440,7,1
3440,94,1
3441,7,1
3441,15,1
3441,96,1
3442,4,1
3442,96,1
3443,7,1
3443,13,1
3443,96,1
3444,7,1
3444,15,1
3444,96,1
3445,7,1
3445,96,1
3446,4,1
3446,96,1
3447,4,1
3447,13,1
3447,56,1
3448,5,1
3448,7,1
3448,77,1
3449,7,1
3449,15,1
3449,54,1
3450,0,1
3450,16,1
3450,83,1
3451,4,1
3451,28,1
3452,4,1
3452,5,1
3452,7,1
3452,33,1
3453,7,1
3453,80,1
3454,0,1
3454,15,1
3454,24,1
3455,4,1
3455,13,1
3455,37,1
3456,4,1
3456,86,1
3457,4,1
3457,7,1
3457,33,1
3458,0,1
3458,14,1
3458,15,1
3458,53,1
3459,7,1
3459,13,1
3459,32,1
3460,5,1
3460,15,1
3460,37,1
3461,4,1
3461,22,1
3462,4,1
3462,7,1
3462,13,1
3462,31,1
3463,4,1
3463,87,1
3464,7,1
3464,50,1
3465,4,1
3465,96,1
3466,4,1
3466,10,1
3466,15,1
3466,96,1
3467,4,1
3467,13,1
3467,96,1
3468,4,1
3468,7,1
3468,96,1
3469,4,1
3469,94,1
3470,6,1
3470,96,1
3471,13,1
3471,15,1
3471,94,1
3472,0,1
3472,94,1
3473,7,1
3473,36,1
3474,4,1
3474,7,1
3474,29,1
3475,4,1
3475,32,1
3476,11,1
3476,16,1
3476,58,1
3477,7,1
3477,15,1
3477,30,1
3478,7,1
3478,53,1
3479,4,1
3479,7,1
3479,56,1
3480,11,1
3480,41,1
3481,10,1
3481,85,1
3482,15,1
3482,21,1
3483,4,1
3483,45,1
3484,7,1
3484,15,1
3484,96,1
3485,7,1
3485,13,1
3485,96,1
3486,0,1
3486,15,1
3486,96,1
3487,4,1
3487,7,1
3487,94,1
3488,15,1
3488,23,1
3489,7,1
3489,56,1
3490,7,1
3490,61,1
3491,7,1
3491,83,1
3492,7,1
3492,29,1
3493,4,1
3493,7,1
3493,96,1
3494,0,1
3494,10,1
3494,96,1
3495,3,1
3495,4,1
3495,96,1
3496,4,1
3496,7,1
3496,96,1
3497,4,1
3497,7,1
3497,96,1
3498,4,1
3498,94,1
3499,7,1
3499,94,1
3500,4,1
3500,7,1
3500,59,1
3501,7,1
3501,94,1
3502,7,1
3502,96,1
3503,10,1
3503,14,1
3503,22,1
3504,10,1
3504,14,1
3504,18,1
3505,10,1
3505,14,1
3505,20,1
3506,7,1
3506,54,1
3507,0,1
3507,10,1
3507,14,1
3507,53,1
3508,7,1
3508,24,1
3509,0,1
3509,7,1
3509,96,1
3510,7,1
3510,96,1
3511,7,1
3511,96,1
3512,7,1
3512,94,1
3513,7,1
3513,96,1
3514,7,1
3514,40,1
3515,0,1
3515,7,1
3515,13,1
3515,15,1
3515,85,1
3516,1,1
3516,16,1
3516,42,1
3517,7,1
3517,45,1
3518,10,1
3518,45,1
3519,5,1
3519,7,1
3519,58,1
3520,10,1
3520,82,1
3521,4,1
3521,55,1
3522,4,1
3522,7,1
3522,85,1
3523,2,1
3523,14,1
3523,29,1
3524,0,1
3524,14,1
3524,96,1
3525,7,1
3525,96,1
3526,4,1
3526,96,1
3527,4,1
3527,96,1
3528,4,1
3528,96,1
3529,7,1
3529,96,1
3530,4,1
3530,11,1
3530,73,1
3531,4,1
3531,11,1
3531,64,1
3532,4,1
3532,17,1
3532,55,1
3533,11,1
3533,40,1
3534,4,1
3534,36,1
3535,11,1
3535,30,1
3536,7,1
3536,11,1
3536,56,1
3537,11,1
3537,57,1
3538,4,1
3538,7,1
3538,17,1
3538,38,1
3539,4,1
3539,84,1
3540,6,1
3540,59,1
3541,11,1
3541,26,1
3542,2,1
3542,3,1
3542,4,1
3542,49,1
3543,1,1
3543,11,1
3543,13,1
3543,21,1
3544,4,1
3544,24,1
3545,4,1
3545,13,1
3545,23,1
3546,2,1
3546,3,1
3546,96,1
3547,4,1
3547,13,1
3547,96,1
3548,4,1
3548,96,1
3549,4,1
3549,96,1
3550,4,1
3550,45,1
3551,4,1
3551,7,1
3551,54,1
3552,7,1
3552,10,1
3552,37,1
3553,4,1
3553,39,1
3554,0,1
3554,15,1
3554,96,1
3555,0,1
3555,96,1
3556,6,1
3556,94,1
3557,4,1
3557,94,1
3558,10,1
3558,15,1
3558,30,1
3559,0,1
3559,7,1
3559,16,1
3559,68,1
3560,4,1
3560,92,1
3561,10,1
3561,55,1
3562,4,1
3562,59,1
3563,4,1
3563,72,1
3564,0,1
3564,36,1
3565,15,1
3565,26,1
3566,0,1
3566,27,1
3567,7,1
3567,59,1
3568,7,1
3568,84,1
3569,0,1
3569,13,1
3569,14,1
3569,81,1
3570,0,1
3570,55,1
3571,4,1
3571,7,1
3571,63,1
3572,7,1
3572,93,1
3573,17,1
3573,68,1
3574,0,1
3574,7,1
3574,16,1
3574,67,1
3575,17,1
3575,35,1
3576,7,1
3576,30,1
3577,4,1
3577,96,1
3578,7,1
3578,96,1
3579,10,1
3579,14,1
3579,63,1
3580,7,1
3580,45,1
3581,10,1
3581,47,1
3582,10,1
3582,58,1
3583,10,1
3583,45,1
3584,6,1
3584,82,1
3585,0,1
3585,7,1
3585,16,1
3585,64,1
3586,7,1
3586,38,1
3587,5,1
3587,72,1
3588,7,1
3588,62,1
3589,14,1
3589,25,1
3590,14,1
3590,15,1
3590,63,1
3591,10,1
3591,14,1
3591,15,1
3591,33,1
3592,10,1
3592,14,1
3592,15,1
3592,31,1
3593,10,1
3593,14,1
3593,15,1
3593,32,1
3594,10,1
3594,14,1
3594,15,1
3594,22,1
3595,10,1
3595,14,1
3595,15,1
3595,19,1
3596,10,1
3596,14,1
3596,15,1
3596,59,1
3597,10,1
3597,14,1
3597,15,1
3597,94,1
3598,0,1
3598,4,1
3598,24,1
3599,7,1
3599,13,1
3599,44,1
3600,4,1
3600,23,1
3601,16,1
3601,73,1
3602,4,1
3602,17,1
3602,55,1
3603,1,1
3603,3,1
3603,55,1
3604,1,1
3604,3,1
3604,53,1
3605,1,1
3605,3,1
3605,27,1
3606,11,1
3606,65,1
3607,7,1
3607,10,1
3607,27,1
3608,6,1
3608,23,1
3609,7,1
3609,41,1
3610,6,1
3610,37,1
3611,6,1
3611,24,1
3612,17,1
3612,28,1
3613,17,1
3613,38,1
3614,7,1
3614,9,1
3614,86,1
3615,7,1
3615,13,1
3615,33,1
3616,4,1
3616,7,1
3616,13,1
3616,84,1
3617,15,1
3617,31,1
3618,14,1
3618,24,1
3619,4,1
3619,37,1
3620,4,1
3620,85,1
3621,4,1
3621,84,1
3622,4,1
3622,85,1
3623,4,1
3623,10,1
3623,47,1
3624,4,1
3624,10,1
3624,84,1
3625,4,1
3625,10,1
3625,33,1
3626,4,1
3626,10,1
3626,33,1
3627,4,1
3627,10,1
3627,14,1
3627,47,1
3628,0,1
3628,14,1
3628,15,1
3628,31,1
3629,0,1
3629,1,1
3629,14,1
3629,53,1
3630,1,1
3630,7,1
3630,13,1
3630,14,1
3630,86,1
3631,7,1
3631,14,1
3631,86,1
3632,5,1
3632,7,1
3632,14,1
3632,24,1
3633,0,1
3633,14,1
3633,81,1
3634,0,1
3634,14,1
3634,37,1
3635,0,1
3635,14,1
3635,84,1
3636,0,1
3636,1,1
3636,13,1
3636,15,1
3636,31,1
3637,9,1
3637,12,1
3637,15,1
3637,53,1
3638,7,1
3638,47,1
3639,10,1
3639,15,1
3639,86,1
3640,10,1
3640,23,1
3641,0,1
3641,4,1
3641,24,1
3642,7,1
3642,23,1
3643,4,1
3643,32,1
3644,7,1
3644,31,1
3645,7,1
3645,24,1
3646,4,1
3646,53,1
3647,0,1
3647,5,1
3647,53,1
3648,0,1
3648,5,1
3648,96,1
3649,6,1
3649,94,1
3650,4,1
3650,13,1
3650,96,1
3651,7,1
3651,94,1
3652,4,1
3652,94,1
3653,4,1
3653,94,1
3654,7,1
3654,31,1
3655,7,1
3655,16,1
3655,83,1
3656,2,1
3656,11,1
3656,37,1
3657,0,1
3657,15,1
3657,21,1
3658,4,1
3658,10,1
3658,53,1
3659,15,1
3659,32,1
3660,0,1
3660,5,1
3660,80,1
3661,7,1
3661,12,1
3661,55,1
3662,7,1
3662,15,1
3662,37,1
3663,10,1
3663,83,1
3664,7,1
3664,38,1
3665,7,1
3665,37,1
3666,5,1
3666,7,1
3666,38,1
3667,7,1
3667,62,1
3668,7,1
3668,17,1
3668,30,1
3669,7,1
3669,55,1
3670,4,1
3670,13,1
3670,78,1
3671,0,1
3671,4,1
3671,47,1
3672,5,1
3672,7,1
3672,38,1
3673,7,1
3673,16,1
3673,92,1
3674,4,1
3674,13,1
3674,96,1
3675,0,1
3675,5,1
3675,96,1
3676,1,1
3676,2,1
3676,14,1
3676,96,1
3677,7,1
3677,16,1
3677,96,1
3678,7,1
3678,94,1
3679,4,1
3679,13,1
3679,94,1
3680,7,1
3680,94,1
3681,7,1
3681,96,1
3682,2,1
3682,3,1
3682,4,1
3682,96,1
3683,4,1
3683,96,1
3684,0,1
3684,7,1
3684,16,1
3684,96,1
3685,2,1
3685,3,1
3685,4,1
3685,96,1
3686,0,1
3686,1,1
3686,15,1
3686,96,1
3687,7,1
3687,96,1
3688,10,1
3688,58,1
3689,7,1
3689,14,1
3689,15,1
3689,33,1
3690,2,1
3690,3,1
3690,11,1
3690,72,1
3691,4,1
3691,27,1
3692,5,1
3692,7,1
3692,22,1
3693,10,1
3693,63,1
3694,0,1
3694,5,1
3694,15,1
3694,47,1
3695,0,1
3695,5,1
3695,15,1
3695,23,1
3696,7,1
3696,13,1
3696,31,1
3697,0,1
3697,16,1
3697,86,1
3698,0,1
3698,16,1
3698,84,1
3699,0,1
3699,16,1
3699,24,1
3700,0,1
3700,55,1
3701,1,1
3701,5,1
3701,14,1
3701,15,1
3701,86,1
3702,0,1
3702,1,1
3702,55,1
3703,10,1
3703,36,1
3704,4,1
3704,31,1
3705,4,1
3705,32,1
3706,2,1
3706,3,1
3706,11,1
3706,52,1
3707,2,1
3707,3,1
3707,11,1
3707,48,1
3708,4,1
3708,10,1
3708,53,1
3709,4,1
3709,7,1
3709,48,1
3710,14,1
3710,70,1
3711,14,1
3711,51,1
3712,0,1
3712,5,1
3712,38,1
3713,0,1
3713,5,1
3713,58,1
3714,5,1
3714,7,1
3714,59,1
3715,4,1
3715,96,1
3716,4,1
3716,10,1
3716,96,1
3717,4,1
3717,94,1
3718,4,1
3718,94,1
3719,7,1
3719,12,1
3719,82,1
3720,7,1
3720,28,1
3721,7,1
3721,96,1
3722,7,1
3722,86,1
3723,17,1
3723,52,1
3724,0,1
3724,14,1
3724,96,1
3725,4,1
3725,7,1
3725,96,1
3726,7,1
3726,94,1
3727,13,1
3727,15,1
3727,96,1
3728,15,1
3728,96,1
3729,15,1
3729,96,1
3730,2,1
3730,3,1
3730,96,1
3731,7,1
3731,13,1
3731,94,1
3732,7,1
3732,12,1
3732,43,1
3733,0,1
3733,14,1
3733,23,1
3734,7,1
3734,58,1
3735,4,1
3735,81,1
3736,0,1
3736,1,1
3736,7,1
3736,37,1
3737,17,1
3737,36,1
3738,0,1
3738,1,1
3738,27,1
3739,7,1
3739,16,1
3739,64,1
3740,4,1
3740,32,1
3741,7,1
3741,15,1
3741,23,1
3742,7,1
3742,16,1
3742,45,1
3743,4,1
3743,58,1
3744,7,1
3744,83,1
3745,4,1
3745,46,1
3746,7,1
3746,84,1
3747,4,1
3747,7,1
3747,20,1
3748,4,1
3748,11,1
3748,69,1
3749,4,1
3749,47,1
3750,3,1
3750,96,1
3751,4,1
3751,96,1
3752,7,1
3752,13,1
3752,94,1
3753,7,1
3753,94,1
3754,7,1
3754,13,1
3754,96,1
3755,7,1
3755,96,1
3756,10,1
3756,14,1
3756,15,1
3756,96,1
3757,0,1
3757,14,1
3757,96,1
3758,4,1
3758,59,1
3759,4,1
3759,13,1
3759,96,1
3760,4,1
3760,10,1
3760,15,1
3760,96,1
3761,4,1
3761,96,1
3762,10,1
3762,50,1
3763,10,1
3763,14,1
3763,30,1
3764,1,1
3764,7,1
3764,13,1
3764,45,1
3765,15,1
3765,22,1
3766,0,1
3766,4,1
3766,16,1
3766,39,1
3767,10,1
3767,24,1
3768,10,1
3768,19,1
3769,10,1
3769,59,1
3770,10,1
3770,24,1
3771,0,1
3771,4,1
3771,31,1
3772,10,1
3772,45,1
3773,10,1
3773,85,1
3774,7,1
3774,33,1
3775,7,1
3775,42,1
3776,4,1
3776,85,1
3777,10,1
3777,55,1
3778,7,1
3778,15,1
3778,19,1
3779,15,1
3779,52,1
3780,5,1
3780,15,1
3780,36,1
3781,4,1
3781,96,1
3782,4,1
3782,96,1
3783,7,1
3783,59,1
3784,7,1
3784,13,1
3784,94,1
3785,7,1
3785,13,1
3785,94,1
3786,7,1
3786,94,1
3787,15,1
3787,96,1
3788,4,1
3788,96,1
3789,6,1
3789,96,1
3790,5,1
3790,94,1
3791,4,1
3791,96,1
3792,4,1
3792,96,1
3793,14,1
3793,15,1
3793,96,1
3794,0,1
3794,1,1
3794,14,1
3794,94,1
3795,4,1
3795,6,1
3795,96,1
3796,4,1
3796,96,1
3797,7,1
3797,94,1
3798,4,1
3798,24,1
3799,4,1
3799,32,1
3800,7,1
3800,35,1
3801,7,1
3801,17,1
3801,70,1
3802,7,1
3802,43,1
3803,4,1
3803,17,1
3803,28,1
3804,4,1
3804,13,1
3804,20,1
3805,10,1
3805,44,1
3806,7,1
3806,59,1
3807,0,1
3807,1,1
3807,8,1
3807,86,1
3808,14,1
3808,42,1
3809,0,1
3809,96,1
3810,6,1
3810,96,1
3811,6,1
3811,96,1
3812,4,1
3812,96,1
3813,4,1
3813,7,1
3813,96,1
3814,4,1
3814,96,1
3815,4,1
3815,13,1
3815,96,1
3816,7,1
3816,96,1
3817,7,1
3817,59,1
3818,7,1
3818,13,1
3818,96,1
3819,0,1
3819,1,1
3819,8,1
3819,96,1
3820,6,1
3820,96,1
3821,5,1
3821,7,1
3821,96,1
3822,10,1
3822,96,1
3823,4,1
3823,15,1
3823,96,1
3824,7,1
3824,94,1
3825,5,1
3825,15,1
3825,96,1
3826,5,1
3826,15,1
3826,96,1
3827,4,1
3827,7,1
3827,96,1
3828,0,1
3828,4,1
3828,96,1
3829,4,1
3829,96,1
3830,4,1
3830,7,1
3830,96,1
3831,4,1
3831,7,1
3831,96,1
3832,7,1
3832,94,1
3833,7,1
3833,96,1
3834,7,1
3834,96,1
3835,4,1
3835,96,1
3836,5,1
3836,96,1
3837,7,1
3837,94,1
3838,10,1
3838,96,1
3839,4,1
3839,13,1
3839,96,1
3840,7,1
3840,11,1
3840,96,1
3841,4,1
3841,96,1
3842,4,1
3842,7,1
3842,96,1
3843,6,1
3843,94,1
3844,7,1
3844,96,1
3845,7,1
3845,96,1
3846,7,1
3846,96,1
3847,10,1
3847,53,1
3848,10,1
3848,24,1
3849,10,1
3849,23,1
3850,7,1
3850,8,1
3850,22,1
3851,4,1
3851,50,1
3852,4,1
3852,26,1
3853,10,1
3853,14,1
3853,43,1
3854,4,1
3854,26,1
3855,4,1
3855,86,1
3856,1,1
3856,14,1
3856,64,1
3857,1,1
3857,14,1
3857,82,1
3858,4,1
3858,10,1
3858,48,1
3859,4,1
3859,35,1
3860,10,1
3860,65,1
3861,10,1
3861,14,1
3861,43,1
3862,10,1
3862,14,1
3862,60,1
3863,10,1
3863,14,1
3863,43,1
3864,14,1
3864,63,1
3865,10,1
3865,38,1
3866,7,1
3866,15,1
3866,49,1
3867,14,1
3867,15,1
3867,86,1
3868,10,1
3868,29,1
3869,10,1
3869,53,1
3870,10,1
3870,31,1
3871,10,1
3871,47,1
3872,10,1
3872,31,1
3873,4,1
3873,96,1
3874,4,1
3874,7,1
3874,96,1
3875,1,1
3875,2,1
3875,3,1
3875,96,1
3876,0,1
3876,7,1
3876,15,1
3876,96,1
3877,15,1
3877,80,1
3878,4,1
3878,96,1
3879,7,1
3879,96,1
3880,7,1
3880,96,1
3881,7,1
3881,96,1
3882,7,1
3882,15,1
3882,96,1
